3 14 30 1
1.53076856196328	-0.884563662843257	-0.00820955834321372	-1.07411229527644	0.259426444697461	-0.104723611095231	-0.698765564923326	1.40743348205231	-0.712363535064832	0.352983215599528	-0.267625051110990	-0.209192615810740	0.778139677614051	-0.724742384086840	1.58104983933577
-0.997080077154190	0.484797416222876	0.625059519183545	-1.32669855425997	-0.639627152930436	-1.69657080651159	-0.248066750800899	-0.848219075555311	-1.30512431580053	0.410689849555054	0.110475846116776	-0.000942710110753447	0.201594014689323	-0.00906418146783542	-1.32044013278147
-0.147288742136284	-1.03010521833800	0.644084371005288	1.06103164683863	0.878153701365602	-1.48219125793927	0.212787956257963	-1.30432415808998	0.858483126050950	-0.738485014239444	-1.01939463789897	-0.764714805516136	0.511567371489420	-0.138826332489662	-1.23927250471332
0.308128306204834	1.21739229906214	0.469757593662211	-0.781823315915968	-1.09016363194554	-0.592973630833095	1.61072485843119	1.18573143570460	0.622055571833885	-0.280860823323241	0.211344151725889	0.333873250930074	-1.30539736892412	0.0605685597857405	0.0872232674566346
1.24278596631712	0.368894305589298	0.00156766816542505	0.449469232942593	0.581483470595964	-2.27260157556692	-1.40967735544904	-1.11586946208061	2.05230692412464	1.36063480070281	-0.896820734346203	0.484846231438518	-0.0200915923991233	0.0143589438277486	0.954710982328948
0.605801836089605	-0.852469863850743	0.730537210896161	0.367355202286242	0.932615220364906	0.0336092236796717	-0.883843814394816	0.319617702347084	0.115912243519636	1.12265814507189	0.226254501613235	-1.36801323864989	-0.468153290917832	1.42523217218156	0.320564182527126
-0.294184640889552	0.626104951222148	-0.0738034970933303	-1.35141952923973	0.848151476413605	1.21531009834633	0.437233343799216	1.87266649439810	-0.886503046093914	-0.272555619857042	0.543393332220588	0.908634101601206	-0.543441008797062	-0.491718819986148	0.268091639697004
-1.58897511554684	0.259505533574564	-1.02491878189505	-0.162326376472437	0.832471970195979	-1.51351506889812	-0.723577945342850	0.453809452625764	-1.21350509923509	-0.265963109589502	1.24412296321086	0.853334903404684	0.824895921963551	-0.726292007717761	-0.296227127980482
0.936753992123623	-0.615662915287388	-0.772614399562225	-1.04875945248026	0.137464847619806	-1.45454713024412	1.12960788095329	1.00709772952984	0.653574755356474	0.444155941429538	0.886175615326277	0.629571739199250	0.847485085288527	-0.539055398320402	-0.623584208219716
-0.175318514014821	0.490498506624877	0.591826676993130	1.31173976098935	0.323089906739706	0.543422437996175	1.29688338934089	-1.42897466075753	0.575241051236055	-0.157302683077345	0.763811579252480	1.15007601078332	-0.121702169259660	-0.114068634353296	-0.376148064238753
0.308203684964461	1.00582820252135	0.780440046617023	0.292996377310009	-0.844696188956850	0.413403934149722	-0.941759380709880	-1.10710692993779	-0.325201655381077	0.492670283841960	-0.134701523653052	0.490968734459127	1.45384804330274	-0.544391782244604	-0.548839870425160
0.993814790246558	-2.50869576979993	-0.443405259918395	-0.553770370056952	1.34033986282869	-0.555440632575738	-0.284367091614940	0.945264091058694	-1.31792733626399	-0.939267043540399	0.0695187732713767	-0.844215042338298	-1.15498245050670	-0.0784216224706343	-0.656568247783228
0.735091891191843	2.17286623057518	0.701369401355592	0.782508938795033	-1.22123657834695	-2.63322371165936	-2.02948176128404	-1.30654685871029	-0.923861459321568	1.61365986752502	1.26489848159044	-0.161395899337810	0.599388185864377	-0.0290423384620669	2.39489965280855
0.493090644829732	-0.443590277008436	0.103343489339525	-0.574473221391796	1.39626751695160	-1.04699341705736	-1.32402458560736	1.06485119715744	0.703675211815714	-0.186335446480024	-1.26227977794605	0.288810824385420	0.642499921474807	0.531893035465097	0.725344236343156
-1.03369728749796	1.10411906130485	-0.396725517625677	-0.176045359086029	0.817542909312867	0.210570501059511	0.685217633645566	0.472935089269989	0.849089986127439	-0.969372265288513	1.26735199224217	0.101390419732496	-0.509910462627298	-0.568792361511784	1.56684990114181
-0.371866296958756	-0.0765785018976126	0.669309790252288	-0.855037293074466	-0.280164387376916	-1.33747717083011	-0.994487034602287	0.517989471709152	1.20801510469991	0.494843810779401	1.19603759879235	-1.27468067240870	0.350484739010018	-1.15397067312536	-0.00656535581755024
0.973016243409466	1.19434684034551	-0.205806673867440	0.886240807878749	1.26266097181589	-1.13236673207725	1.04604856352938	-0.877662175621335	1.87271164251873	1.28933482850121	0.240392136007355	-2.20161009343166	1.51742414514502	-0.0779835642011492	-2.27242274316673
1.27470808439963	-0.412647479888965	0.0585045712375673	0.747600047818719	-0.821319161354513	0.599594175837798	-1.18154784336477	-0.941830328485929	-0.322336319179500	0.816249038576634	-0.761405276657607	-0.621399515535588	0.622425695619406	0.0289483567828755	-0.0376554909395501
-0.396318404350439	-1.05644106678033	0.447596849687890	-0.0965392642255781	-0.457553777667963	0.579999973165615	-1.07419444681687	-1.16367923926091	0.0479280160836605	0.459389186455374	0.901377863894615	0.344755994536395	-1.10371137728591	-1.56717414742179	0.694738775977551
0.312264784612324	-0.513815895301571	0.538041667139491	0.150862583692318	1.06943525685429	0.188619389320426	1.47280489274933	-1.45857285732349	0.587301865463748	-0.305776189361717	-0.0174168474100747	-0.455646876786626	-1.46413087474228	0.345684360339642	1.91770820241796
-0.610163893690104	-0.787497992345411	2.09334158776035	-1.40354684786893	1.01442092839791	-0.620481908619838	0.0344102875027765	0.953894018623387	-0.506770562691020	-0.946589137311040	0.849290824073251	1.51619227123147	-0.101003536914638	1.11275568139094	-1.40681562617356
-0.562142106660883	0.813558577786073	1.31609629678611	-0.359265605735745	-0.819201451638782	-0.262996426035758	-0.456650927153500	0.970858390857599	1.13350256097286	0.484693980726329	-0.216809841212142	0.255567071446498	-0.168119346037118	-0.718574780452758	0.771351570044703
0.804097671754925	-1.30901260909362	0.209570400932233	0.718536736789612	1.24555919756692	-0.0510944280085526	-0.695549674503692	0.0181124266351125	0.432612101381359	-1.19679465541768	1.25969760519197	-0.399304518586541	-0.0920947271802077	-0.580870655206276	-1.15426785282073
-1.64612265363394	-0.00299598508898032	1.02006906317365	0.507438607302134	0.260959475516423	-0.503186645438063	-0.512927049784340	0.772014934114541	0.348848946977326	-1.17787834188853	-1.30859989208876	-0.101056265231166	-0.217189927624712	0.535027342611104	1.14938958010430
-0.871466934178846	-1.19665773533109	-1.12436986664494	0.0655208387837527	-1.15608354438973	-1.01631664512437	-0.248806895106836	-0.284875608291319	-0.928377941028182	0.382918921317413	0.307635358253456	0.820201852148597	0.105862264165291	0.885933525038528	1.06512485024360
-0.874479287460766	1.22175473221063	1.16393460358505	0.192957106229734	-1.00704485513751	0.273148088642114	0.395931076692944	-0.0799923005975533	0.148252406433743	1.35204095888918	-0.688299187665947	-1.23636642958536	-1.41887334451117	1.25082933297649	-0.217038314938818
-1.01773418667574	-0.591302918960403	-1.03857492115488	1.04939025593148	0.107503475082649	0.277253295668055	-1.20852509167896	-0.345442443389707	1.51966812709044	0.621047673860994	0.982590326027098	1.04312345220557	-0.829846752501783	-0.172333896589390	-0.309869738685893
0.0102117982593118	1.27425796080458	-1.69639195188583	-1.47762860191075	0.109221281936638	0.199436243551933	-1.54158947668575	-0.395682173268148	-0.992626206733594	1.48854801603093	-0.682159413717436	1.30381199664844	0.147074173031952	0.735034061186024	-1.06945242327179
-0.665899660579282	0.867085430307330	1.04848324340604	0.155853263669309	-0.197791347550915	-0.180004489901380	0.549033450387100	1.16133254749057	0.743214644126941	1.45074308176442	0.263834870398346	-0.393099954477345	-1.49796099895639	-0.0633994731628208	1.94679480132520
-0.882822526566332	0.318445887727099	0.755934593155276	-1.36566443958170	0.219477315597341	0.208592234306859	1.03546862292535	-1.40761515904161	-0.362814822025643	-1.35350742413805	-1.26775491765761	-1.45636173751391	0.511249437225160	0.921297256857362	-0.561711102402131

-1.64512078897311	0.750634062283131	1.18741951241549	-1.54265863054625	-0.797283290963894	2.12030021465561	-1.50715772098589	1.63286210238695	1.31306798489493	0.380676774706610	-0.850755406866523	-0.771601369856846	-1.95544364659831	3.17568729579404	0.473126661620196	-0.845013058849407	-0.351880681551208	2.82377846062179	-0.658779215628521	-1.48738612594013	-1.83267266159604	-2.01662929760153	0.433767995905909	-1.39284611749176	0.147516015736195	-1.74381812917198	0.679052521903267	-1.16497115037789	1.16557911392082	-1.92171839600027	-0.558592997931372
