3 17 60 1
0.525205211284398	-0.280832251617668	-0.400546384756901	-0.940215825695976	-0.769353305028541	-0.505437042339348	0.356650294536966	0.437357492941735	0.0369051799419481	-1.18258299441120	0.773553169482046	-0.985585399822787	0.798300199644384	-0.545622450866813	-1.07421420593277	-1.15235720279428	0.629858930782763	0.354246816715907
-0.825083273545476	0.920753348816561	-0.488781997504110	-0.146309269878541	-1.04628489341332	0.0682250794314104	0.165356593305583	-0.930788696665834	0.961128780816014	-0.923879765490450	1.01250959870776	-0.851592180899938	0.0642304458767885	0.00344425245505020	0.130843290786983	0.549651044983605	-0.111151189867194	0.117067368154997
0.312165188964844	-0.205083757682410	-0.0956529016991062	0.658344583054075	0.634104846228308	-0.519131922685045	0.605800086244856	-0.365721301396430	-0.251204795878276	0.414780784044630	-0.612871423653316	-0.439804152580504	0.360007964464067	-0.728781600569199	-0.448352441621469	2.42376414751428	2.17474885840925	-2.46304185151870
-0.149845948196525	0.259707095654426	-1.14739294125607	0.864939101117518	0.297881666198107	0.164719678448689	-0.959063306171123	-0.0700982537248278	0.825716082175999	-0.585287650317347	-0.149584212219077	-0.233920018907126	0.522416896167913	-0.797678907537483	-0.641260268156486	-0.918123811692671	0.318768835701363	-0.882665095105646
0.343738488950828	0.246724783981174	0.150552851001899	-0.712103440860135	0.769694138405064	-1.36756968103839	-0.470744129112530	0.0198986047268380	-1.20188012231267	0.276817685379204	-0.328438547672355	-1.01945745175023	-1.30044881580752	-0.842650119401630	0.288384458175570	0.0849285939506864	-0.491433904708952	-0.147236361259838
0.448631981934650	0.229751914097069	1.32366876300340	-0.510913286473085	-0.120549745081483	0.377382145907658	-0.656994431192076	0.219053995572273	-0.819857157908241	-0.386002948101761	-0.666157854885441	0.876746726613539	-1.04316372791860	0.133937481900581	-0.469324268656376	-0.682942337338899	-0.326580965459034	-0.990148417490823
-0.233065026047563	-0.899937915205310	1.44736302534781	0.594136767113401	-0.467715844171466	0.512417162752290	-0.985742909287815	0.0254705587355123	-0.713758491857990	0.411520616644782	-0.869443966627247	-0.846457210394317	-0.0575902510932180	0.0461392394205792	-0.448380400977062	0.0674219053775614	-0.848536118990087	-0.901547121384155
-1.21539110912432	-0.449513826564313	1.04134615013180	-0.346927873412728	-0.727059717113955	1.21031980165379	0.659631369695336	-0.219330126211280	1.41073393227535	1.02760213126856	0.272771154216019	-0.511310774364099	-1.19367403585551	1.16984160298100	0.523423762522546	-0.967108424755571	0.493227590597583	-0.435478734619687
0.368634519118341	-0.534337377529909	-0.426375970737909	0.644663473133384	0.0177100436502031	0.336467770355057	0.473802753000710	-1.21323692131813	-1.21920180267623	-0.218835813649593	0.344598656461669	-0.379636630099861	-0.262444972212971	-0.788259137676333	0.698413568124754	-0.832830139458962	-0.286242886413556	1.14019848133079
0.253756921916661	0.710385829172148	0.816485070285358	1.34803299135380	0.681241077467801	0.968198337400341	0.0498313581863720	0.211883493226037	0.226601257274776	1.44592283351302	0.226425235945075	-0.732176634569498	-0.411549450911547	0.225432738223178	-0.620957038954899	0.0808857487446857	-1.58773780415880	-0.755481643822754
-0.147300291610350	0.333793726792608	-0.802143503756756	-0.724896785675895	-0.620890778033717	-0.256444776578272	0.677163899166749	-0.486505066124651	0.908953951620826	0.585296664921185	-0.398143395246954	0.807361553610480	0.541355514953209	-0.0930904588950578	-1.33079786276751	-0.916935693717021	0.0224869587262885	-0.769316704725028
0.528707856586595	-2.56282291972455	1.54909492509046	-0.901082613316018	-1.34664193013569	0.159070626683409	-0.986474870670685	0.149564695765873	-0.681785036851773	1.58786529675076	-0.435831784591339	-0.824241155817711	-0.217562804175702	1.11532660118317	-0.593953310744600	0.429955473772615	-1.57397220153136	-0.677846767841869
0.625757792079547	0.345438904694911	-0.901564800546831	-1.21642941412181	-0.328649644496368	0.454613900305919	0.648553507441101	0.430399359860698	-0.390098076976329	-1.15465469642397	0.581266335487984	0.547480022385740	-1.30871269983840	-0.868411730374642	-0.879582710890998	0.795947091418489	-0.439905327638876	0.796481665430638
0.276213094750685	0.0643184240712061	0.946110597704726	-0.983356597903447	0.372934765909580	-1.01652466014967	0.378343972253067	0.382459627224492	-0.580456692729749	0.530720899156435	0.255145180471407	-0.195065183264076	0.746471790095531	0.745958769317585	0.805684786406134	-0.362847669545758	0.318151954610064	-0.798047112753553
-1.02178538235247	-1.66403665347695	1.43624607396966	-0.619643785054770	-0.0193133764212929	1.50884783363079	-0.792287454261651	1.73521382839922	-0.416126495449057	0.935741276844147	-0.656889337125944	-0.724804260035789	0.355466408416340	1.21999539801718	-0.565588059099155	0.982115594481607	-2.12491697578832	-0.259292183297185
-0.481254612393912	1.76861779543824	-0.944992326781439	-0.395682892241745	1.22095640510378	0.832743239868990	0.430414806916416	-0.309851043402735	1.36052168808996	-1.18533126464420	1.10009191904590	0.0784732866309810	0.893563117488255	-1.44151521426405	0.0232187626384061	-1.71853877506076	1.39815032223843	0.458536320145982
0.717722686674486	-0.120853989839694	0.623395401539952	0.790908105002890	0.655039398186920	0.428318925698582	0.773652156887441	-1.19609784373122	0.460445463523803	-0.990386582586018	0.542929579575868	-0.832653080354846	0.475895066408188	0.486943580783020	-0.571935931214739	-1.06738400228599	-0.850104034733901	-0.634685494291083
0.598643189421279	-0.256334972189363	-0.898239316441184	-0.948616185001165	-0.376995223281037	-0.623550385651663	0.200466524908515	-0.101762791089743	-0.0764472987504109	0.278209851382355	-0.810413533978799	0.163891816067532	-0.515346108523233	0.778271991964639	-0.924596594659088	-0.860889376294621	-0.398574114105294	-0.318728785612071
-0.716512891816213	0.128531744958829	-0.350800787323291	-0.875761793998227	-0.0498767396083309	0.634308319332983	-0.933690456395302	0.358079087321162	-1.01423635324295	0.199467807534040	0.288119662467821	0.237925583867878	-0.609670111596247	0.462948235607151	0.100337058622700	0.643110581650449	-0.0872510617760284	0.671327343895072
0.462372025992801	0.422263870176954	1.54153651993656	2.09701456936563	0.935138331848754	0.00397651180980093	-0.309441355077236	0.355329022063609	0.371284641237255	0.179460096416353	0.939097612368252	-1.36617365022629	-0.427825112437011	0.899309454621832	0.415392371806258	1.00866144795407	-2.52409935628432	-0.0721188415145473
-1.20597967944076	0.644711519905057	-0.360417238745996	-0.587696455994883	-1.22946624409971	-0.0697340792299636	-0.811083608226947	-0.487181461491020	-1.09409592742421	0.850583068800964	-1.14410711566610	0.425912826883465	-0.0690347894934523	-1.03236457328796	1.58883909663587	-0.583702626105241	0.335117625591609	-0.102529302168275
-0.779019215107614	0.740401259529661	-1.14133716870965	-0.511626711349807	0.582138197745264	-0.487550805370647	-0.219668664786263	0.0610971791453817	-0.848899712164869	0.152077023460404	-1.28671596388725	0.675244744907235	0.371532726396207	0.190856079890453	-0.852929353901710	0.785646584776824	-0.593219654401401	-0.124257055253355
0.533792272588655	-0.323080106316190	0.710751267700698	-0.748578169862685	-0.0517851367960686	1.06065385427271	-0.461187042492524	0.0555845751332085	0.160192241566427	0.649045093838424	-0.680038301416919	0.515108675107093	0.574620950426816	0.870811949432448	0.265698896655315	0.309530912195674	-1.16558611478990	0.874982833668320
-1.17343191258024	0.0257925472213496	0.326025199374455	-0.371533133799904	0.439678597845740	-0.508542518128375	-0.0851830577084400	1.04792388278483	0.984744891229449	-0.683502645741981	-0.590953961216156	-0.709911652296461	0.635015128667389	0.0892467637602499	-0.0336522303439334	2.80628594750923	-0.519409102775713	-2.93023603173005
-0.624340362338118	-0.356683609658121	-1.30230748126317	-0.479045970054458	-0.639493594192826	0.132691706096698	0.280998265290159	0.629633500217689	-1.58412173311308	-0.474753093346461	-1.07841520068441	-0.908823860306420	0.803537689911564	-0.156139603051776	0.708060676196949	-0.582133262509380	0.437601152638594	-0.736511564695162
-1.14133490194554	1.51708111253917	-0.942866473540594	0.628878659051294	0.245245991446647	-0.612060718716549	-0.951280279693332	-1.29527393873771	1.16706033553469	-1.24227798758041	0.904783279505150	0.510288646869557	-0.124152372009103	-0.151291688815216	0.256432915697981	-0.179002951595239	0.482855421325300	-1.06161486630063
-0.722051461264639	-1.03300816475635	-0.0157805525553627	-1.05836793354066	0.756739306956308	0.551188278523656	-0.550071626499162	-0.0259153078050832	-0.0439754994938023	-1.11588025099436	-0.870180694802947	-0.782636784685725	-0.824267905276424	-1.33502608069429	0.905918955242832	-0.657701425138394	0.994484713180186	-0.208788019690499
0.553669742704724	1.12066361711855	1.68537385772207	-1.34719709708060	-0.894699287538547	-0.544086302287992	0.197966185187458	-0.315311741142479	0.428833827377668	-1.09960139073648	-0.658628655508125	0.133005870511353	-0.136391611344838	1.11626492062197	0.220173894661521	-3.46634524163754	-2.82982889389057	2.36579741307502
-0.522914485697602	2.29671946743183	-0.253653670089375	-0.194721033720603	0.171875599362096	-0.00438463618787249	-0.668230932742786	1.48674038264275	-1.01184571719603	0.638590738182867	0.633377784441292	-0.468978253755517	0.169024270868775	0.522286654765386	0.268534365832395	-2.62274181212888	-0.469375182886134	3.57019509480272
-0.807409044586745	-0.141234075405021	0.0929393683912116	0.490598933951850	-0.331268094216367	-0.759126978312406	0.0812642518655538	-0.471213840803923	-0.141684835074814	-0.463149878577431	-0.0878494952660045	-0.0868907220249375	0.401122400395059	0.614344192905832	-1.53933560725767	-0.708329323908604	1.21726439484306	0.0422638993796683
-1.08167484833088	-0.923411266952524	-0.357357001423260	0.715837267240022	0.318047182924404	-0.284940471616308	-0.635531693728336	-0.985819327247846	-0.909209411437941	-0.307205229309227	-0.614491232543128	0.847551533190066	1.05634527978652	-0.113017688813667	0.959394727296562	0.601962563170554	0.819549155738061	0.106972795097567
-0.0717065938991539	-1.35036792204108	-1.63633222840606	-0.862408774291688	-0.0476608478159729	-0.109415672448814	-0.420589213937431	0.224642461469689	-0.100107913664247	0.529595672189695	-0.514746710590736	0.712178289525935	0.638570270132989	0.186343851080322	-1.71074645532862	-0.976313519500136	1.05864827508641	0.215295114368166
-0.396029925205683	0.546709565398234	-1.51544971248951	-1.10317842987841	-0.831986103987218	-0.330653500087825	-0.453399522058111	0.822554121843319	-0.143501461831860	-0.602247170700609	-1.33870367868659	-0.312856702825838	0.479591199873491	-0.107492165443842	0.623323681122445	-1.12580994118976	0.448797403787534	-0.368672427091858
0.593436235527784	-1.02356654775306	-0.759728653603677	0.533267159192618	-0.526786024761432	0.0116103932936438	-0.411579893400454	-0.696781675230908	-0.999176103103285	0.611488373451387	0.651941124818229	0.844164902500922	0.620197230902282	-0.632998442511868	0.0191102208594288	-0.487532912243757	0.469370912804243	-0.696305549450933
-0.328720462655198	-0.572880175767168	-1.23364000248438	-0.650107688359573	0.165610754249308	0.174137258437651	-0.0741544847136888	-0.714120796111939	0.0413605869125015	0.225943942668702	0.756395112871202	-0.0796491817630037	1.03293987024284	0.715900077188523	-1.07743736027125	0.309478452715984	-0.507670996744191	-0.0756303267116253
-0.306926512097000	0.729662610144267	0.147447663474411	0.379599138742892	0.584800724445614	-0.590904743323924	0.764710949564924	0.833871456910859	0.291642733474427	0.724799946062931	-0.551748469583372	0.300311748634064	0.251386240301701	-0.781774407806867	-1.86942435161251	0.853733454503726	0.0143346514253180	0.118960377999257
0.465105307582240	-0.400427928411382	0.638244933036240	0.923104595310621	-0.677635116343296	1.03348331086967	-0.906343145881319	-0.913538316983960	0.0717591223663944	-0.428712531206174	0.244892210098574	0.297922174901122	0.271678263597043	-0.704522988021384	-0.590529583908815	-0.116728436688289	-1.16864387201031	0.805999761350099
0.0700339006219324	0.165491005356078	0.809626621099238	-0.203583420727393	-0.283738295230975	0.728932607974907	-0.435506471549121	1.66744338382021	-0.957955518564340	0.620930034979052	-0.765331141354782	0.555984065818214	0.765424645643504	-0.610414306449422	-0.0435630631670010	-1.41216407963445	-2.75785699659277	2.62812745900753
-1.05124924891085	-2.15340880673415	-1.97717976573168	0.171427669000014	0.198403786192086	0.0800488206955485	-0.933104391187541	0.626991284650749	-0.280945840728982	-1.16413420117198	-0.0170127911483710	-0.799509838200205	-0.688452690058268	-0.963016764218959	2.83056967584874	-0.482009052718047	1.43347588105221	1.17093358114989
0.139870743721458	1.06491173091500	0.155154417911226	-1.10479441962706	-0.139093427512612	0.620332407906822	-0.373215139148757	0.558699126923377	-0.733173663253785	0.0846491564440409	-0.413349557148339	0.421581520893517	0.00381816890403247	-0.428483642562420	-0.944873070284646	-0.472284130741517	0.720876321433561	-0.311617366361242
0.483563063417784	-0.130981698028558	0.0302968424153623	-0.961769889750549	0.288996499145453	0.210110784469659	-0.661386071799983	-0.879953298919806	-0.110263994285929	-0.849671322817003	0.253160638331840	0.0265152801703162	-0.952745460469500	0.837613750178824	0.954163749357475	-1.15485754076290	-0.726119293190743	0.0264408377704897
-1.17318713985635	-0.309982883189759	-1.13448980869102	0.648893974365270	-0.00485878161508487	-0.689180031628968	-0.319475331244241	-0.133681421475638	0.229625794822777	-0.0361774087230137	0.773621087546240	0.444064431143162	-0.886772761552575	0.740814919414824	0.361004742339370	-0.204059943075651	-0.217487882436220	0.263849333684411
0.392763765849112	-0.113056759117320	-1.17990822769775	-0.274298584468017	0.642037325675265	-0.417924998960281	0.0274436015778414	-0.886832960618083	0.0646380203247313	-0.246298883833187	0.0954726800990665	0.192646282286579	-0.578972382597257	-0.515753843053001	-1.39248343565940	0.234812143950891	-0.983059330280226	-0.615516168903418
-0.513043925666234	-0.453990209965380	-0.782073273762518	0.875146972217855	-0.154690577350601	0.180319946413888	0.392596819153782	0.570524692115654	0.361774153336302	0.242780015745458	1.04808823823065	0.188918809618197	-0.982792286797337	-1.10578023155823	-0.0364139117684736	-0.949440830517716	-0.239402046485015	-0.955035743049797
0.441477222103137	-0.472571375894262	-0.121866924862505	0.413832883914138	-0.872649560100270	-0.124536903219046	-0.637074225213262	-0.125966451475755	0.604172400903825	0.199135929185208	0.519321589459857	1.07880010366905	-0.997940275942994	-1.27808672184089	-0.428703786939732	0.494918121109267	0.824243396301543	-0.138595030540415
0.0262505953237995	-1.43551443642640	-0.618944231842872	0.379845194300756	0.165853259706008	-0.912928200740798	-1.10647752236730	-0.255989076950152	-1.00991845860094	1.35977345935182	-0.779232318303726	0.575196002667159	-0.168473391993975	0.239153185984096	-0.272747684984694	1.53839213994519	-0.547879145218041	-0.446484424445445
0.729247476134179	0.685784753742969	0.343419061229364	0.109619503280729	1.32000469239716	-0.531926341767683	-0.00745335946711390	-0.117687777728939	-0.227547048346816	-0.672701682857205	1.28365506353916	-0.281779502091356	1.20753301364127	0.835292689857467	-1.18254307214204	0.718145220568054	-1.09193686878031	-0.681762215236768
-0.462020609672439	0.441435029189530	0.187008359910502	-0.807866845674167	0.467307441912935	-0.561423374237354	-0.326960360303129	0.650029983826378	0.507820294364524	-1.04256249383791	-0.716296214125922	0.0902945004822619	-0.556593565086380	0.565367433352261	-1.16452161525440	0.494429309931277	-0.601405134236597	0.500900579042277
-0.366537758260635	-0.0471983826032375	0.293603745608330	-0.753579580741046	0.547862074809142	-0.192390985630530	-0.966549224987765	-0.418229315105807	-0.749628319437572	0.117795792844478	0.238944964406120	-0.613504614386780	-0.524727826190982	0.447145877732416	-1.54333252059404	-0.652692050584607	1.01490384472319	-0.149749925452529
-1.01916925985609	0.00246778283599618	0.214328701410289	-0.781561734074004	-0.127482166453010	-0.196662558042079	0.264218673509664	-1.32406497594287	0.793968820216790	0.780823805209632	0.289863250028572	-0.645616669283080	0.665690093173783	-0.677159194162998	0.474191050552718	-0.774187218095474	0.353004097937822	-1.18478870291334
-0.908408306657915	-0.639191258356703	-0.989837103997544	-0.181149000507083	-1.05422433632791	0.854694962450806	0.274804787125306	-0.811205865549368	0.437121799049678	-1.16638266139085	0.574770051992426	0.611024630113995	-1.22038832230529	-0.930973990872665	-1.03118135219400	-0.630826406003067	0.647388685193033	0.166630316804804
0.0994801596285451	-0.697893298836542	-0.573262512154434	0.586339152749659	0.120926943535679	0.105376575962318	-0.766278048356358	-1.32326519837263	-1.36135719933066	0.617184042245935	-0.531258121263208	0.435039788170248	0.0704159186924970	0.272483288329957	0.495689654726021	0.257511204389648	0.810897565832694	0.411946629901499
-0.545040086490910	0.572483870502317	-0.250046340362521	-0.0736037512892033	-0.364859406639040	-0.437284784735133	-0.597662216512911	0.0353451204954142	-1.09867879548374	-1.15678272757550	-0.177118311812264	-1.05552026708958	0.0312425104978425	0.934832763780239	-0.411733606362380	0.965333045593760	-0.0579754644294062	-0.629185315055801
-0.102873118159485	0.176855779689222	-0.227948075685611	0.883894492443349	-0.859389962615349	-0.150000843803220	0.350252971862522	-1.10147112538036	-0.747320675041723	0.0237329593060984	-0.00642960222721011	-0.0145617669944873	0.211561453770730	0.613617290212125	0.422533876382424	0.709786743371635	0.0328947878665992	-1.60564000261807
-0.994015318677835	-0.415392898059318	-1.03279385199244	-0.146125833378630	0.0809283725032593	-0.00477434652609630	0.556917261095508	-0.145369884566068	-0.734881984533352	-0.805047677613599	0.131005599569163	-0.174008378995515	-0.627253043175578	0.839135447986089	1.09455910207166	0.176158298747060	-0.860516825352911	0.834324092456816
0.133344914268266	-0.487507394196265	0.205998067606936	-0.0692261908010483	0.282802624632501	-0.786181618558399	0.609703057763756	-1.04611865534386	0.319429808634007	0.499945647607794	-0.664791115111769	0.358892040724346	-0.466936196625738	-0.542519709760930	-0.638511744357948	1.64759776013944	-0.114619554743122	-2.12443339422903
-0.547549410143012	0.398354058370141	0.163528987947665	-0.260182094943631	0.199283294936410	0.521428869255358	-0.184817979464279	0.302037213792553	-0.430294085804766	-0.763256007639002	-1.26469198959495	-0.427053941018843	-0.406522390311590	-0.666621330743108	-0.977050712153426	0.445002628819228	-0.0659199411098137	-0.657673684887587
0.749193449301436	-1.97146474017844	-0.131211453203577	-0.630781123478852	0.876546755948920	0.793527077283306	0.886892071697398	0.111336011981515	0.275955893127669	1.64981520751372	0.268757221050257	-1.19688833891092	-0.221763985633755	0.183935034895561	-0.348484345573264	1.77110235869559	1.25920856050018	-2.33483016957082
0.963741876861207	0.0681906006197754	0.688015435693589	1.17167727211772	1.41782088679730	0.575245054219264	0.195464985692304	0.423588669293533	0.0635976515982718	-0.821552993642224	0.259251028361381	0.317950249588033	0.924855901314291	0.0654383763777396	-2.95812738813515	0.731830820964149	0.228484000064361	0.165673549293678
0.112122071812781	-0.954580050608227	0.0296326422569660	-1.13469833936748	-0.993100873378535	-1.08579757598873	0.658082143750512	-1.07050752679044	-0.0305235890475023	-0.0467517347384846	-0.678882444818204	1.07259412256351	0.968738952976690	-0.693589129065451	-0.486315504723021	0.643351977849382	-0.0866696280433080	0.145848706739183

-0.573048813712597	-0.240977265191153	0.566448287523660	-2.06505095532239	0.288896886259730	-0.395931672666295	0.499346138741710	1.17071427606764	1.08296128323313	-0.438725984327140	1.29834724529468	-0.341607905846374	2.89603048218980	-0.216980962990326	0.293519086532054	2.27623029141742	-1.90736543929938	0.494856974043696	-0.587053231282482	0.278000287303442	2.19847682565121	-1.25865409938312	-0.800104600096756	-0.704072569692594	2.43758375132950	-1.49998349946665	1.69802897432279	-0.975032484835092	3.51203494217502	-3.30554562540875	-0.986350228860929	-0.211394902048072	-1.40022599495432	-1.05293668449117	-0.259757995916722	-0.464664508077374	0.632485473147258	0.938165206812569	2.20795270343387	-2.54085479000163	0.348064294466475	0.210700997815854	-0.208991426932229	-1.16920317074332	0.356425379663469	0.0438543201927771	1.24716170782563	1.11587347145533	-0.00315952568027219	-1.05578377438215	0.422855101818590	0.941078465106802	-0.547305089047207	-0.104078524573596	0.769335528920499	-0.427308067471561	1.47336488220623	-0.188405878532151	-2.21211876355798	1.94894589271877	-0.0681363592392638
