4 14 50 20 4
1.06738078553652	0.165391210165369	-0.831485032842658	-0.117477012705498	-0.478228647785783	-0.400835432338352	-0.736080478078369	0.846774884740530	-0.689042690066427	-1.15464528237321	-1.20333613729178	0.684922989343159	1.45111893248768	0.0185218494385220	-1.03535142401279
-1.01383319809326	0.240501986364409	0.118701782313546	-1.11936703807900	-0.568643412694339	-1.09795070181776	-0.360830236572570	-0.0136490817974005	-0.132350333955964	0.366455208689620	-0.387715420423812	0.758081606938748	1.01378763480674	-0.675359451377856	0.638741120503117
0.422823555679410	-0.929579142046538	-0.0315403502804215	-1.34505000273764	-0.765161089901442	-0.289223962342497	-0.628927357177350	-0.237381658348792	-0.218186892180612	1.11223950561614	0.791657777939931	-0.842342979254894	-0.441129231787655	-0.167214664084222	-0.284072715291934
-0.327798360044986	0.301323238201793	-0.675453395583364	-0.0686758495917016	-0.507982069136633	0.641569117555216	-0.0192925933137154	-0.837665384570927	0.266574352449047	-1.31501173875297	0.920205657911193	0.422878532503150	-1.08780478519169	0.179468598121945	0.559831500274736
1.21637264827173	-1.48866720876911	-0.416085547181307	-0.757812306311700	-0.258313133065786	0.747088725023982	-1.03404135624204	-0.0181492341757216	-0.286458376964288	-0.556808302742708	-1.07100513599053	0.891200681359404	-0.578669434715126	0.00764331858175185	1.21715419160653
1.65056297806519	0.707430256086928	-3.01591757086515	-0.642143020916074	-0.0470667515721595	0.838044603985683	0.342802699534589	-0.663592605539366	-1.48908639542537	1.05533296104896	0.119684122519352	-0.861263167687064	0.212519877311283	-1.23045831850035	-1.81698068062409
0.0396493953910328	-0.0489984036855334	0.431577938305530	0.624576048702133	-0.690984736094252	0.966275844926343	0.714698088940576	0.531227310034446	-0.458080983142573	-1.66314235541612	0.259737540864751	-1.23855356828327	-2.00788996135231	-1.15478039339210	0.804787511937785
-1.67123404543877	1.75092295034478	1.24922461310321	-1.67780592604500	-1.86747143857714	-0.273468001285832	0.209290057886934	1.86280680345726	-0.246867550494650	0.930759394618024	0.515308201558773	0.566886079539878	0.556973201510577	-0.0636136419057863	0.415755111738414
0.279318946113705	1.05935159885087	-0.722792186256002	-1.06396954766315	-0.589800558155611	0.129305530863994	0.228249098228846	-0.478045579706847	-1.39815535355454	0.233354621634895	-0.730769160716284	0.491239232209784	0.416972487757778	-0.203378018627880	-1.19643992931177
-0.532437810452972	0.158719528085709	-0.0721002667686470	0.0714395276322062	1.02999106167277	0.587784292777148	0.430869516447882	-1.68766095297712	0.189390060029447	0.663785835201653	0.717876753027815	0.354961406651911	-0.0171045871500016	-1.09778372325114	-1.21715328411103
0.477209271362880	-0.205982892363231	-0.867776877823842	0.199538070296564	1.10154597951542	-0.746360015288130	-0.0514336101668419	0.850131470531781	0.604832187692613	-0.132870524625699	-0.492635337742269	0.907356003870304	-0.113734458220288	-0.968052452355787	0.289242480102511
-0.0954509542047074	1.79983359308429	-0.431623906349190	-1.02610838770880	-0.781563491293309	0.749818340135511	-0.315748876555984	-0.246543822388390	-0.301366006670566	-0.456866206231517	0.589466219688747	0.185356037718459	-0.657759493346466	-1.27843384298527	-0.0224764866848147
1.54756198264230	0.527325852195444	-0.486577060574210	-1.29729555338228	-0.855698186488741	-0.205671863158809	1.15354782088950	0.344395357004060	-0.772238651504814	-1.24338469866042	0.0243944144705463	0.786679239899094	1.24675418965944	-0.481715423033001	-2.86173583678602
-0.218901877311407	0.0214726652540577	2.13838570534391	-1.17269452957520	0.712643492084878	-0.0696800517523764	-1.36347063060293	-0.842786289305744	0.678417952105548	1.03666366295727	-0.305104125563048	-0.352521283041654	0.191756079012561	-0.287576639244217	0.522676945443380
-1.08304042121970	1.99433239825091	-0.781464379248219	-0.306149712819900	0.00842678062736987	-1.16734328950859	1.49287533951666	-0.00619764086967854	0.744409070496061	0.950213098127541	0.307910970012574	0.258548477636311	0.358361283073646	-1.84982969816248	-1.43352247397078
-1.84028335850901	-0.184060516237370	1.87477409543725	-1.60859798991734	-0.0248938784369580	-0.474777989336769	0.504852097066838	-0.371631514876428	1.14381676903798	-0.507941191155205	0.598894588213196	-0.377445858607654	0.299559612740728	0.945177379103266	2.11388028434170
0.391014491373449	-0.962994892491933	2.15769139850021	-0.424877916419816	1.06488059547636	0.802708867823044	0.173844692578603	-1.09932168409687	-0.180735523678294	-0.764499023316015	0.309124866961022	-1.20618483078368	-0.687062489319528	-0.117139180542772	-0.000420388467183161
1.42386330405016	-0.752574541037537	-2.51689623921720	-0.354206712835217	0.824375023448794	-0.470749157390868	-0.0647722137803186	0.964427912324434	0.722728999489827	1.79441673967440	-0.869596217090334	-0.978009168743979	-0.420724200815504	-1.32904393383179	-2.96809496491543
-1.11814523005374	-0.343529931790285	0.679249845698627	0.275390916637146	0.816554947501312	0.264258781438762	0.648523589976484	0.650839923653096	-0.103170827368133	-0.364180781565814	0.509090411147687	0.802335263387189	0.129518824370309	-0.612505252130863	0.283382645291597
0.543177879256095	0.481177868714731	-0.924193613706341	0.325160475074047	-1.21247038757971	-0.337277945969533	-0.184717059037425	-0.402437197830584	0.557205904862447	-1.33517182961399	-0.716584750064428	-0.341082390064528	0.237580379790819	-1.03522702904349	1.70675386308761
-1.06548929238423	0.561972083600091	-1.68335759864884	-1.24404960670095	-1.13418370597603	0.183855269948940	0.435187578183793	1.01591104650144	0.385677294338406	-0.819009126876521	-0.356376140685989	0.0299275971844158	-0.387331612269941	0.619868022162495	-0.284032082422331
-0.197604947816613	-0.729810402439921	0.0904860594585502	-0.284449862831754	0.942424485472227	0.705522973186859	0.00309305012225594	-0.513242911162232	-0.882652015436659	-1.21437148583095	0.348345148246107	0.973210674003989	-1.34187503434849	-0.256846284899581	0.771017982920122
1.04532446611484	1.03392385091162	0.884924642920603	0.00819077270562072	-0.112508801732478	-0.0818849900922918	1.18877101686689	0.958511696690225	-0.186814086567886	0.264654992187393	0.433480788622215	-0.637547189630862	-0.343607659487625	0.811399687302765	0.278523769433326
-0.775291283370746	-0.198059149455581	-1.36590414178947	-0.560490988497046	1.01763805180093	-0.121202401953474	-0.988089410379358	0.935276752419525	-0.187735855343891	-0.796252403892001	0.418532310052007	1.03221959424020	-0.661962418717393	-0.213738529659718	0.308039192820423
-1.61045250029694	-0.607764854441824	2.23803188584831	-1.02201094892688	0.703807537051411	0.609297485207629	-0.142432583967521	-0.0476983289611820	0.848586249377457	0.0412662640751516	1.29489566017848	0.561159076163750	-1.33538170230628	0.174520319082872	0.173247147467785
-1.10921537539728	-0.193086591983400	1.76362340538375	0.437094796135262	-0.460848521039848	0.971917063228650	-1.41791118367258	0.229315507915852	0.214841846666209	-0.811575727679807	-1.05366853119674	0.653566705825652	0.821739261757043	-0.229270231078507	-0.752935159870434
-1.86147325001811	-1.01783750136163	3.03701713601953	0.450521069812148	-0.736279457930429	-0.208749622848078	0.110709326872514	0.754603162836785	0.118014820951080	0.530237324461502	-0.0614838255738830	0.310904371291682	-1.47261785811301	-0.251786966779489	2.20938287157495
0.638181819561992	-1.60458682764346	1.23426174785611	0.770401453892548	-0.630728349943380	-0.101811499065417	0.0561619545030974	0.364318380084966	-0.139852934862145	-0.668606374076459	0.490888003666909	1.10477535686977	-2.16786045250411	0.772012505035326	-0.458814000749653
-0.791292933284208	0.466386374266042	0.0550923060250326	0.0187994625555796	-0.967254863515192	0.0165244031672223	0.328685225806280	-0.766026243399275	-0.892192404760392	0.678430679638904	-0.425780447300812	-0.435856105829424	0.248638443762408	0.408474279260461	0.0443644879551277
-0.299267048141798	0.562985429503775	0.122137866777707	0.181601382664315	-0.863081275055329	0.464588929812106	-1.25835704761021	-0.0232482665947490	0.0194884786267000	-0.694460612471746	1.10437338373502	-0.000347185111232390	0.450044297491473	-1.15634115805802	-0.863236159379861
-1.71156615455209	1.22610824068429	-0.317568435642988	-1.11051407274364	0.104390424906998	0.220473036642680	-0.319940768747062	-0.506166359319228	-0.128968931638883	0.220008347897401	0.741760471458820	-0.773563707013395	-0.956665986980897	0.727315396805269	1.40141586693366
0.512312928396284	1.82827716590624	-0.336237590988460	0.166195209483172	0.595877501723268	-0.0412532156757723	-0.215465753989877	-0.602988720149693	-0.666863948729254	0.776560970135744	-1.44359081897894	-0.143993129216638	-0.126534292528884	0.911399666172143	-0.821037683416107
0.549565755321467	-0.427215197825445	-0.864052960173669	0.973559254816809	-0.389966342806441	0.729419197197966	-0.134194571684595	-0.291489911814082	0.725387227848550	-0.863799586662319	-1.42840074314228	-0.501766361091671	-1.26631155874575	0.825347381418337	-1.32314826694663
1.05839749954225	1.04044513295090	1.12135975896911	0.965721945387921	0.815891325619686	-0.0325170353999907	0.172498759892284	-0.135381031462087	0.607610874329242	0.909912013560679	-1.25082916977385	0.402836755660984	0.963660035101901	-0.0402092387770518	0.811274840089082
-1.05345553619787	-1.48652867703106	1.55656475729081	-0.796593201534138	0.141176774443045	-0.888476870695471	0.244320645272915	0.0666783884918340	1.40610480065327	-0.646566744660841	-0.267857923043888	0.906791743069295	0.550052980741042	-0.996460144690116	1.76730960551731
-0.622122962789782	1.57061541505670	-0.00970524631284388	-0.0134946772550209	-0.00505126539852480	0.625683674201576	-1.03926641634026	-1.20800445937766	0.667660231723821	-0.519639973526109	0.338281249297753	1.31901003906559	-0.588650338912120	1.17248692128966	2.08556708132248
0.930193170394412	-0.0122759674667755	-0.661834625944968	0.908700720798218	-0.628734344890134	0.915629235317123	0.600698713509506	-0.640874787759938	-1.23203739779291	-0.585333353157408	-0.207819834051780	-0.794067246289391	0.669826786282077	-1.48207706034711	-0.749679763489982
-0.443706531238164	-0.608389013277207	-0.237601655294729	-0.706446228439087	-0.428284157514828	0.416912442970213	0.548787850370702	-0.0436951113800540	0.162650871829989	0.933440124927717	0.546749718723730	-0.982290262463038	-1.42935482086931	0.0496254096395754	0.0809633549910990
-1.59026778178086	1.45094926898653	0.382238139933550	0.684379755246702	1.27353715343329	0.420291929878773	0.430265885752721	-1.12233064128592	1.18838982553912	-0.801704356552533	0.426769502564773	0.366011093691654	0.524184725819771	-1.26035284114582	-0.585565783693381
0.307435912693640	1.05578548207892	0.665767386863993	0.807506996518974	-1.39138120826221	-0.206536658569211	0.565001590053974	0.157022399196954	0.844545754232353	-1.03063959303480	-0.0892796190278315	1.10570745778150	-0.430430529198185	-1.17710959685861	-0.500724374952206
0.494355258737810	-0.809704712829287	0.121625844643021	-0.597388957836109	-0.570657637479771	-1.20360840426855	0.348435749519164	-1.11136694293485	-0.826766883647748	0.775273910120325	-1.21154988301743	-1.18755504257559	-0.0687755925949041	0.707810164444629	0.00202334483308942
-1.07207719442468	-2.04198696969776	-1.00287404400484	-0.616300555842893	-1.26217759748179	0.242170606122516	-0.667421871129265	0.383199335751637	0.609708504070260	-0.420215146381073	-0.513538620717721	0.973545915462586	0.498980711928808	0.396851819722795	1.33846424883542
0.0893757675031794	1.51694427767864	1.23971498696421	-1.44356656984977	-0.117718279683387	-0.562717049502854	-1.07302544799093	0.460466906017209	0.0763962868797181	0.270409768761378	-0.124983795066986	-0.991941045372277	0.778909833303053	-0.724142285693030	0.405976571625612
-0.539731567495266	-1.40997996420960	0.979136659291676	-1.23870225698954	-0.0320524032646323	-0.897167233048993	0.112512731814694	-0.0737695109425058	0.615448015984336	-0.693056968936281	-0.506804293719484	0.216278088790620	0.650683345279343	1.17694214832624	0.655675919434305
0.0183869601329580	-1.68628640697885	-0.905976776636034	0.0660020787354703	0.903913899341080	-0.146065682606747	-0.166227537741099	-0.645806913057189	0.0729404286964353	0.141745169870571	0.503494891863347	-0.748165734315793	0.0557542885901599	-0.563339876708176	0.507195944360025
-0.250731186402186	0.408252469895398	-1.15639625855448	-0.918138382103362	0.121178316361148	0.473295012270283	-0.960434702209788	0.938235898375253	-0.906213947834295	0.889638662914056	-0.408423017231359	0.507260580229902	-1.22405898090366	-0.173388728358269	-0.169748594888407
0.186524683758706	-1.72210049550017	1.14642289295263	0.767235884037527	-0.222234043206631	0.223949575026339	-0.882220324843719	-0.431230386575306	0.111941079688257	0.894960305116469	0.611228176443362	-0.656045102178434	0.230539812071568	0.388823492845544	-0.266180120108823
-0.552193296646451	-0.705821651613167	1.38715901778287	-0.830708219687578	-0.592188611584133	1.33135543223446	-0.669223456557864	-0.0949908264661785	-0.676740505799477	0.173341774698553	1.28303560279678	0.990443763179045	-1.24354448314143	0.539294513356394	0.949198466078853
-0.771061102908885	-1.84688506192135	-0.268056501319077	-1.16601260289493	0.203656532720270	0.815700360211060	-0.213679750686186	-0.422148414168614	0.908023542325048	-0.846452871382770	0.320828716293154	-0.817315784131124	-0.346511369988758	-0.194600653178604	1.09968719394545
-0.974550605916710	1.47773398454407	-0.664015968273508	1.31965091408265	0.308268906701144	-0.895661378843696	-0.487902434503747	-0.573772438311477	-0.500813117587160	-1.21010039463775	0.903941981569102	0.0452137821683700	0.625170388097909	0.348907604035544	0.447090275049701

0.970563981309135	-1.09857484706444	-0.266065228457731	-0.108190057850918	-0.993335115016728	-1.13810743485793	0.600050263529180	-1.07001087937546	-0.874043266664008	0.658963544394594	-0.622686467733525	0.108265283437684	0.132725672202951	0.810623955261710	-0.519963578380290	-0.553919507053428	0.380738562876161	0.812724123908815	-1.16192404509980	-0.460574838282748	-0.952939984767184	0.539746374252702	0.860861168986743	0.666586820716665	-1.26339107904949	1.12575236664778	0.0455490979050930	0.191805321409596	1.16602527813646	0.224464116598335	0.506708885589541	-0.928785224287423	-0.383787208610546	0.787865902575053	-0.210639657492008	0.250389232950889	-0.266045822291181	-0.506381303818139	0.465138416586655	-0.00187765129487443	-0.869057578837822	0.399649081626999	0.520768014845437	-0.0617001503277011	-0.541408968177516	-0.867710035901233	-0.661585528999174	0.973249246309903	-0.235494178975457	-0.994120779319324	1.17072246395761
0.638882078576394	0.192954058399472	0.733247766053477	0.460367493681438	0.413536164743151	-0.897890671990967	-0.581712297216635	0.887555680917596	-0.606259352638640	-0.774879661719903	0.587903038322335	0.0788723146571461	1.13927698966792	0.777161703771811	-0.168866374123662	0.310717658339676	0.217910717796055	-0.174060168903642	-0.276644716153069	1.13205704389087	0.262056655601151	-0.403372717852578	-0.115193234796825	-0.0716557921690433	0.231438901159110	-0.650358180349780	-1.19930534506398	0.638491637982684	-0.952022019105189	-0.885045384874091	1.12250668889018	0.638109846733395	0.876935212989968	-1.14358231434199	-0.173291458683954	0.978492000712457	0.310511828708681	0.201544889451751	-0.435522510577540	-0.940579288605707	0.846863380330759	0.995516250014094	0.0974274812738904	-0.104426655216813	-0.850258482281762	0.145776766804036	1.17887570286226	0.395503687200582	0.763251587563588	0.752642689876226	-0.923076980977447
0.370951630923774	0.296192805865022	-0.805280555929075	-0.0156139242239429	1.01417886745813	-0.750092592251514	0.147602722149348	-0.304293525134059	1.14208933017906	-1.16407389917859	0.636180993503667	-1.11574737276177	0.498856079894581	0.134287876852912	0.945850347333039	-0.394827921190289	-0.686609941979972	1.07259709816808	-0.815508971577178	-0.405000255509063	1.15832252868220	-0.825580334949172	0.0934511820218945	0.298692270794581	-0.320408893982708	0.0766920709186558	0.0830512432449462	-0.0951211428538797	-0.814917671140594	0.0654019091131241	1.13767856822023	-0.327289510263762	0.798940026896455	-0.660503256061703	1.01917627657252	-0.579889395022911	-0.498517729875468	-0.813147889150405	-1.35567169273820	0.958433388880460	0.475176800693259	-1.27593311835153	-0.772825325548327	0.645264061010898	0.244398201202802	-0.465936959553971	-1.12023338716329	-0.897512877300101	0.887550343355341	-1.10244092834897	1.28759787157019
0.585508918048811	0.439210699384522	0.885475892399303	-0.596163689111365	0.896269487063188	1.12681893549661	0.523625681252999	0.776541416375895	-1.13601091122097	-0.302778105580011	0.000556162394129642	0.380620362297656	1.08298180247755	0.192342254913631	-0.853949491762148	-1.51836646480233	-1.54424282837652	-0.833623439792644	-0.219364147238864	-0.948560586945655	0.255645037657998	0.276039661675572	-0.717521175268248	0.734727904977388	-0.646074507585604	-0.828905855393253	0.527384301189784	0.367420174908046	0.698022786309129	0.558273663623036	0.516803702092407	-0.184733507346801	0.416867952963003	1.21737969277629	-0.0147953684945230	-1.01341581996956	-0.317822423534248	1.33614613090128	-0.397810858462935	-1.42796734253311	0.304827913905651	0.676159227533393	0.120297019238490	-1.19136036925138	-1.48186021588896	-0.00465947533262213	-0.422006293897167	0.913935270612233	0.0652043342452959	-0.917563689916987	0.773661213941301
1.11914488023525	-0.403456176461414	1.15247119392337	0.556068851490672	1.11619790902190	-1.02468154378344	-0.840858070429853	1.22086359473553	0.377870022917717	0.812180365079059	-0.0316275104159055	-1.03357364641272	0.269948923982908	-0.601938441895194	0.131692897681492	0.0476096930402171	1.15685113500329	0.0706543570659577	-0.616198357299860	0.595240481912921	0.294696846904224	-0.498003105403318	0.0676755266738340	-0.354157155213212	-0.986074324406654	-0.166928864600586	0.151696156051702	-1.16134864914785	-1.27967372245457	-0.682647806375690	1.12770129313245	-0.0648087185584622	-0.370732651848048	-0.809799688300770	1.04893741556806	-0.388279280479652	0.760661273153677	-0.322145399250477	0.600949363278576	0.246765090084162	1.10190902222024	0.277519964350643	-1.06025102499954	0.629664808199871	0.694785255167069	-0.613522476915314	-0.719359758662310	-0.668315688626922	-0.914363866003214	0.237666031149197	1.35208581484888
-0.110513258804919	-0.790259443504153	-1.09624055123833	-1.18818490660106	-0.512629792330276	-0.0269689090358743	-1.25133495031738	-1.19613933141714	-1.46931299701963	0.858006764544157	0.940421786236048	0.983820198008844	0.611423457373157	-0.175376498151618	-0.190670190364317	0.0396197416265419	-0.573992540303812	-0.0199234420830039	-0.525149086915993	-0.351207178919030	0.206554796819967	-0.245415843102624	-0.260055106736932	0.436215994381664	-1.04579939520736	-0.150227212676781	-0.924536797718841	0.913318551743486	0.00788909280363539	0.00200270827375593	-1.21090760137186	-1.24345580698048	0.945616798105072	-0.636109894463419	0.867765266538497	0.953570006420465	1.18524298808292	-0.343896406449384	0.0956714869179792	1.26006568128736	-0.400533318493342	0.905827240399472	0.415576437286376	-1.22541855512802	-0.103786100459997	0.0213420263734790	-1.12874193275669	-0.846172280173303	-0.654322100897389	-1.11062146115608	0.302364993041342
0.128680878919979	-0.387586005251652	0.601039186818127	-0.618553783147569	-0.689964851998549	-0.607462746385010	-0.446844282689755	-0.902368705523750	-2.12547659497850	0.177383489302491	1.07601594463048	-0.528335703333222	-0.891801222899926	-0.585161274924185	-0.448483469694278	0.624949787149857	-0.575442160826781	-0.0723372203362108	1.39923062459248	1.13231160955368	-0.474657766923694	0.451937432274953	-0.340770906623636	0.137527945695164	-0.372853272272330	0.739555537633266	-0.847690787142297	-0.847747196018860	-0.999537227602833	-1.09209014851607	0.145354802672066	-0.690059778017597	-0.0154650427857185	-0.398144175790915	0.546281611811388	0.602094621244986	0.564905867015181	-0.352644547015285	-0.685411307466395	1.18638340201246	-0.799368938727603	-1.09223101096800	-0.286819269552176	-1.30004299187070	-0.661831300565833	1.18105393034027	-0.901447320289468	0.0150416369017329	-0.0481042290688162	-0.986249830985283	0.499195052427191
0.830504051809556	-0.0943940858757786	1.10589372163206	-0.763219763971504	0.157742750697208	-0.359881728265569	1.46979611490062	-0.365927566846248	-0.924254012147542	-0.595646583183114	0.399560853535691	-0.643397864798325	-1.00047584324621	1.17654640355046	-0.409594250316579	0.677604317283722	-1.10193729831214	-0.287888499912193	0.876083780214465	-0.707200336554787	0.114930868124252	1.01051638676829	-0.415477244090338	0.524983246193164	1.13087005052107	-0.785452400165144	0.984788505901211	0.653338218109385	0.202120958852196	0.218785238163549	0.996056700183239	-0.664796762060097	-0.862103991489319	0.0892686441516827	0.547335221168774	0.346333455807289	-1.36612547071036	-0.328745681384047	-0.114965780245342	0.197388808081548	-1.06236078815936	-0.856521558083686	-0.0735757436491357	-0.553934471620797	-0.335213490529620	-0.404051724514837	-0.777548670458680	1.00351334835343	-0.834715506683948	-0.866125873595021	-0.500413093431862
-0.166739773297820	0.600566289765244	0.905704562586422	-0.127408675845926	-1.04896684091292	0.158053474548118	1.30339899090651	-1.45351251589280	1.25190921009290	-0.121164624638493	0.871998006666690	0.586099739879948	0.653054661752622	1.42316600514767	1.09868346990113	1.84187381812737	0.206059754688958	-1.01438479321897	1.65479896427683	0.0554618904589693	0.280048400721914	0.442427889443759	0.279339949938262	-1.19303843822427	1.13447509326958	0.816459065104893	-0.455279692989064	0.213235150427315	-1.12983887462316	-0.0409091816355978	-1.11515169156469	0.827370603526858	-0.940040932745361	-0.862512548966543	-0.516005173707123	0.998880838721677	-1.34476141488607	0.965876519294858	-0.505180311883974	1.16833429673368	1.01268420228633	0.220296303756283	-0.00626327756029065	1.26033873410750	-0.912371412691704	-0.485024408021948	0.0952551355746016	-0.577325661183377	0.157341258515087	0.326131102878928	-0.636883027516956
-0.143993441792460	0.457523714695811	0.779733797554971	-0.715212036668039	-0.806738444136432	-0.289251087748608	-1.15534816357668	-0.507457478700649	1.05454106497217	-1.14621264082014	0.465505965350647	-1.39384062197534	0.873638874336925	-0.426161507248224	0.727083060828165	0.335994999327586	0.198436455180522	-0.259218092843517	-1.30182483287775	0.767878404698836	-1.00111085642401	0.634339459975587	-1.21588095518619	0.250657145451359	0.00352908253312988	0.734032544691655	-0.439129491088179	-0.0567897681998176	-1.00222590829102	-0.670202617098101	-0.409652228259881	1.23213473973426	0.816056715101643	0.216011098320821	0.0262724134994473	-0.103778367609618	0.239885556723535	0.755541286868163	-1.29852541117455	1.08890856109715	0.682461602994449	0.286410770502948	-1.03710429600481	0.0360548634905916	-1.32638383050097	-1.31216775000506	0.275159234778390	0.192100124607959	0.0671035341620819	-1.16139447226442	-0.573685854683830
-0.492082527420004	0.413940377091715	-0.603097406839622	1.24210059863131	-0.628335221758810	1.18048636381518	1.32730825180620	-0.792271239013947	-1.28577155684368	-0.272058434314686	1.44734812781414	-0.398448472996758	-0.757499044961667	1.45328936298130	0.625025330805779	0.200051093571000	-1.22710773287928	1.23340297456227	1.71107127908289	0.0798683372431036	-1.01466907225314	0.879807568382251	-0.811672470370516	1.14082243057221	1.10634091164598	-0.140049011110150	-1.25255218994612	-1.54394076072581	0.191408223792055	-0.329518649383569	0.443938536644605	-0.867915687789427	1.27645909200454	0.840104676329798	0.462826639518288	-0.885155012174408	-1.60966236240257	1.26786328494213	-0.0490624438792568	0.0809673573177761	0.175760003598738	-0.0317733311841304	0.965468636992162	-0.430050322624482	-0.431154748249581	-0.296542841062086	0.145787232979069	0.559344222678877	-1.08701778051305	0.233856910916063	-0.807837086617801
-0.709171312791799	0.829233973064542	0.362372295816339	0.902999093496932	0.441813751770274	0.173628671756782	0.684913332952804	1.18731758305346	0.771169144073601	0.207617477389971	-0.164723384477700	-0.507370610146206	-0.0240498275347086	1.12019901122845	-0.366654205517692	-0.00281355684840449	-0.152711543942328	-0.574665812910443	0.437267573412625	-1.07049638951656	0.0911296579459208	-0.402605998734430	0.856315344748011	0.217645676479577	0.495313626892516	-0.463876187945098	0.466060960713837	-0.767158681710074	1.03846446952112	-0.926699917119712	0.450715341492195	-0.832586655811803	0.177205217040825	1.69146757811761	0.708925955509984	-0.499295961736007	-0.981933078474806	0.483395277340199	-1.14797535410969	-0.883483680587143	1.12966510678374	0.934778074317550	-0.883605355879843	0.868112580571058	0.810122505840400	0.822538638045029	1.00518973946800	-1.02050193791244	0.912752720365201	-0.429633719399804	-0.853601604997484
-0.911847137256007	-1.46522926148216	0.736603991748809	-0.272152738808341	-0.911231532593109	0.995220595845681	-1.83373775811939	1.72216872007016	0.422592230956595	-0.809919277192415	0.233397413362643	-1.24764459809845	-1.21544651961682	-2.14945465026327	1.06469236656578	-1.69164232231788	0.539687069976816	-0.133472738161986	-1.35801803354284	0.592493392399220	0.512127610571247	-1.01530925995887	0.913730085390542	0.430635930794185	-0.630566045184471	1.66962080756645	0.625645315254680	1.91651909096509	0.740123939549453	-0.542202716774495	-0.980033636208366	-0.707001159676250	-1.04714654132612	-0.644451494456465	-1.26706111086377	1.45581718464907	0.422503064020094	-0.251470649463313	0.0531456179825696	-0.429295224807616	0.0864118788958693	-0.347690509245592	1.20189332749981	-0.199112581744587	0.770508819510979	0.505206493235360	0.105851410656783	1.06123874763015	0.144248337102154	1.10101305991616	-0.645576606613961
-0.925766983113816	-0.775550380773363	-0.365673743860176	-1.07238520667525	-0.634464460564714	1.03675141282204	0.233989872160486	-0.913581837616981	0.869910015504626	-0.970972586512126	0.331307172529147	-0.951354185982566	-0.116199498107115	-0.862324106883846	-0.858342130343067	-0.799824068571793	-1.01641578095879	-1.01292457777873	-1.08141204936688	-1.16028208087978	1.01986254160818	0.526832631143579	0.369785372088506	-1.16510402737373	0.725955727481617	0.892567578044388	-1.10912732875486	-0.495001164977655	-1.06379429663100	0.602053323328209	0.887755349441804	-0.607647126481029	-0.629070239226914	-0.525321471941344	-0.903669530609906	0.313800922267482	1.12326800666274	-1.15349861044163	0.411953116217334	0.0430665569980752	-0.164341859662564	-0.979499047271930	0.308072282166766	0.325341174212668	0.454710452174025	0.894275193786424	-1.14920353717048	0.909148431405489	-1.15285585631227	0.0300016977995267	-1.09113374013733
-1.07343977399116	-0.976607458054743	-0.103112269094992	-1.45007003030807	0.512171123177160	0.440518746686515	-0.465512935025794	0.712941858957880	-0.793285752322923	0.280445700638965	-0.870745572373324	-0.0296868118839893	0.731520322140490	-0.531694677312515	-1.42631795525457	-0.849173690262551	-0.333931589684875	0.862859103146693	-0.224433964609272	-0.00540379095831737	0.101580981410340	0.902790350718580	1.21145479959531	0.464947992610298	1.18663602489441	0.394000943787428	-1.26548934775306	0.418234396051465	1.26086891746377	0.0646007878820484	-0.111872264890825	1.20854300048773	-0.280231158099773	0.877294164824656	0.572504227083872	0.231354930869823	0.0233131679468724	-0.845381843779205	0.753992114599797	-0.522704838732691	0.362137046930413	0.781659366138284	-1.15625892676679	-1.12609467446725	-0.403081226274395	-0.949842663287396	0.256831956412588	-1.49030626261642	0.404590180851985	0.381974468711242	-0.463539584536899
-0.114395193580492	0.286855463184314	0.278813266832583	0.180867792033932	-0.470382082844027	0.719708722830301	-0.629948408344928	-0.854613734698591	0.143430988205655	1.17081585463082	0.240915796477692	0.343985845099933	-0.0761477530756071	-0.982730560801596	-0.196084826004612	0.184324379251003	-0.839561794836426	-1.17709463680796	-0.101845827767507	0.691476942267545	-0.619305784275248	-0.719603957278389	-0.602410147333748	0.285749875383841	-1.03131604433215	-0.841007901253394	1.23852660386238	-0.967524866559687	-0.934181764597273	-0.0782179520391690	1.24525296133097	-0.459903782470043	0.319906281697366	0.209152977983162	-0.764635192466172	-0.194640420858998	0.836014024742636	0.815815793791052	0.363013361671650	0.600815666333271	-0.704655043612570	-1.08378799423990	0.350498783055400	0.844786502801512	-0.252937371277043	-0.141410762882145	-0.820311954329990	-0.596888634648710	-0.284539422676187	-0.585252000051767	-0.587220171530144
0.550941933190256	-0.326475568913321	-1.18865644631999	0.802311591445284	-0.385551113596802	0.885373079894588	-0.824904042067170	-0.360638982082219	-0.558488978413468	0.0391633369791330	-0.444505141245241	0.878680037480922	-0.659407479961461	-1.05156795548059	-0.230004644944345	-0.905166798290694	0.955695365509128	1.00660167631124	0.389041324594543	-0.244311449264272	-0.0154756510787583	-1.12047284596267	-0.300110467129098	-0.866012772804182	0.531197708079748	1.05258801313458	0.438469776773654	0.887914434311089	1.10600051782037	-0.854413439109554	0.616369069466531	0.207406237807482	-0.970951367418536	-0.650756748754406	-1.20587254283324	1.17509909280744	-0.985246385513962	0.314223709790819	-0.579034947505666	0.306877095922783	0.0924848021851348	0.539381291252105	0.749081033289217	-0.476764985948595	1.07796812328454	-0.0824159091779864	-0.751438486568997	-0.0987774583842574	0.133297923858765	1.25644587495125	-0.205047798895736
-0.506366077867169	0.855649173219482	1.11512751966861	0.689415147367140	0.592604160917647	-0.304662512136755	-1.03503372673497	-0.850072224622504	-0.743407600374267	0.486344672756216	0.995818314130818	-1.11060415723123	-0.274339809609775	-0.724790837573756	0.0341342929194758	0.635323631297519	0.566295520415433	-0.00552338947119102	0.209870906015853	0.659459746269772	1.00701962707833	0.0309160287689527	-0.319931634559978	0.126348455618664	-0.427476241263366	1.20733195525362	0.193717337005679	0.792478144076249	0.197463488791852	-0.0142911268366708	0.290560016912497	-0.420119041944585	-0.0142667270601235	-0.0523835564748395	-0.414815100603239	0.676356679675916	1.13784494671701	-0.495693587366495	0.148342002527032	-0.415915395371817	-0.626570809374228	-0.968214189463879	0.625497443785133	0.788963588227653	0.669256611883766	-0.392196098893103	0.944199314033079	0.993880458908227	1.12142051412075	-0.913334006926403	1.06924577015532
-0.751541227790026	-0.972471349373315	0.463246338943321	0.769541741837912	0.840389065431029	0.797820697804171	-1.86900707448329	-0.481022701865398	-0.165158200989045	-1.51029829061473	-0.263022496782917	0.441813187768665	0.0463656315987543	0.319842900048735	1.46141541986851	-0.581735086348739	1.22924860295662	1.55614737978681	-1.03929372132300	0.634038764272897	-0.903394722460331	-1.06139691898046	0.537863864975275	-0.697928970570303	0.195635379224376	0.288796896937324	0.415101653655312	1.68121787280616	1.28228315072946	0.0888307301537542	0.913190367434983	0.733817658188227	-0.280141757877911	0.548153835302597	0.636522036988314	0.219327346756338	-0.921373598716184	-1.11033643042353	0.262140865867650	-0.201506363261154	-0.0870186982150029	0.181510179325219	0.996741186223231	-0.0689447413194364	0.212899117091827	0.715373724427386	-1.35688736912653	0.549301674100461	1.52745997293429	0.103228249870208	-0.877946285674113
0.763348256525533	-0.0148282276071943	0.399070419420087	-0.616941553396005	-0.954386435536759	-0.765779384959308	0.574215065174529	-0.277778977192435	-0.897133971512370	-0.770776573824332	-1.15390714707466	0.619972807435985	0.257382360351383	-0.447072565002127	-0.543500524856139	-1.28019267386889	0.112490183532026	-1.04747371294198	-0.642245412298992	0.890634724292298	-0.436690939494983	0.277992404129432	-0.793305428671731	-0.0970771580202175	-0.126117351743412	0.986575482085336	1.09765770213693	0.0361256438524611	-0.949694820474385	0.857779796865530	-0.741574084289743	-0.998545908934871	-1.18778631719797	1.06123163607622	-0.823194338379766	0.420637589449025	-1.12328672261219	-0.390137035759515	0.811394692655766	0.518669116872733	-0.638144115848711	0.207600555803969	0.142266696834243	0.481064458057824	1.01543566522692	-0.956258702989420	-0.760044636648118	0.349644411310669	-0.124984025077097	0.702402340252438	0.111507924641017

-0.162768455903250	-0.917457973116542	1.53286029264853	1.38249015489403	-0.424817675257517	1.53023965655156	-0.177660851308413	-0.403620717448974	-1.55386796987263	-1.41095840177919	1.54897824107761	-1.42283515379101	-0.567128364521979	-0.928777962843611	1.71186881720297	1.42675671047055	2.10725575939886	-0.868343994920981	0.483828131009455	-1.86366861636641	-0.110304679713419
-1.70230206334938	1.94476817332909	-0.303579719777343	0.626413741787735	-1.54441543634682	-1.78765241526886	-0.274536262130199	-1.19586725440077	-0.354684591054406	-0.161600446908613	1.73763214697268	-1.57946251666635	-0.450143072388059	3.07503586999612	-1.33233152386132	-0.256771665332033	1.23531611191655	0.819036771229483	1.59545590911364	2.16605811865495	0.537367645526310
-2.27179228996034	1.21735867526285	1.51263702688343	0.643478987988131	0.104129310784541	-0.518334332700270	0.230471358913090	0.583621016495836	0.624893354729029	0.765828131628273	0.0281659870444526	1.55839174837606	1.20566647004913	-1.57552038878520	-0.455990440716503	0.581729101409180	1.76385038398846	-1.81363898170038	-1.88843520041727	-0.863062827135398	1.17416777048499
-0.662550213010883	0.290353411943477	1.82119930341101	-1.17126946227995	-2.74704327118459	-1.50304142726508	2.01175597526585	2.49442384248496	-0.711864742499819	3.12937176747966	-0.375087592906404	0.137561727750679	-2.36815108454569	-0.766778514324961	-0.0549819617182391	-2.51753712096997	-1.13585684868774	-0.208383846239210	1.30154840712934	-0.746644229276909	-0.624605726387454
