4 15 50 20 1
0.762633874680626	-1.01437524731339	0.260277040777287	-0.235711033941817	-0.253964230576722	-0.390180655485653	-0.502499335272790	0.907362580323837	-0.594198177698311	-1.10864658703205	-1.35037960117243	0.869329137518429	0.505531769039121	0.503351005608730	0.929613527836347	1.08767950641755
-0.571932040890619	0.582217605001718	-0.505626036330074	-1.12938855820818	-0.346117626887918	-1.12346024680415	0.183169407793842	0.304231893783063	-0.373335939700525	0.587829390344454	-0.460257971427169	0.756939922006635	1.44901590514688	-0.256669950367641	-0.512818550924777	0.630530294348891
0.289020169125710	-0.380402793522322	-0.187019694349746	-1.15717177967026	-0.433246526312009	-0.123911743034963	-0.519025129961351	-0.341505200615489	0.0268681788582342	1.07469855805620	0.733872192588543	-0.993791174009121	-0.451054528367264	0.0152864299224992	0.138177839375639	0.625974990658595
-0.281413676494234	-0.389841909529022	0.00949228054932111	-0.616205170115061	-0.461308609262157	0.544933653685753	0.150836501596992	-0.146154426002868	0.440641201458964	-0.594679274663723	0.968049457064662	0.806067702885790	-0.350323997004976	-0.330461203127732	0.367045718948534	0.755616073591529
0.852416110432574	-1.08941219835224	-0.142968752813593	-1.10138860107440	-0.145684333504001	0.833004851442495	-1.20735423580045	0.325846919238702	-0.517511686258171	-0.468989295075747	-1.07021672264665	1.13345287406414	-0.262914503372085	0.278775424219769	1.93334309243525	1.08642606819444
0.316181983197371	0.603932914832446	-0.562431831209522	-0.436530759475215	0.0848929171251245	1.13616076641753	-0.0794861344170604	-0.847714088000729	-1.04114755876330	0.986080798757389	0.709677317283308	-0.946261827231280	-0.921043309784437	-1.17490576102044	0.666747385878791	0.0878375375060133
-0.174386941874641	-0.249522981132901	0.0899942570478964	0.420531707459943	-0.896544304871135	0.836885404838747	0.421679953746683	0.810264666771898	-0.149892174604844	-0.925144586929199	0.299621303062242	-0.948529969914371	-0.899353167036520	-1.27176010126027	-0.385897188192243	0.346135974833722
-1.46163275023494	1.24947703220207	1.01405208397843	-1.09532439043727	-1.35005922036224	-0.174783194847259	0.929631921233434	0.883395919404788	-0.162403336808444	0.830071819526770	0.0443508625864995	0.531256145455204	0.144505496428275	0.121010228357032	0.301978935630643	1.00640566306119
0.816917443557106	0.986853246835334	-0.152234511150456	-1.23181851484956	-0.248345365406595	0.0865090150009240	0.645641027327336	0.189143702895055	-1.19668423480512	0.411449271541978	-0.696048938039321	0.387570807171585	0.643759889908307	0.00584015895649413	-1.57241422140129	-0.0753858546632944
-0.256878356341908	0.240112469511114	-0.114749289574107	0.0506997969822585	0.626219777701115	0.502733692587277	0.541323321057201	-1.14292218609343	0.282428920346331	0.788436795774619	0.692770076942715	-0.0802577123925718	0.0309226308405711	-0.671495515405930	-2.22500929424248	-0.0617529926598534
0.296032073556305	-0.403226699371673	-2.11717252382037	0.277715985432168	0.956503325318263	-0.904005864288309	-0.305500035922511	0.728001677234737	0.395221466739599	-0.653182736190525	-0.379607947382177	0.414874272398611	-0.521949211431744	-0.159536437930377	0.468340438525325	-1.19608111264511
0.631500010712781	0.817531487442485	-0.357631579594843	-1.08058390525670	-0.497470959206118	0.993680358295182	0.345405423264632	0.277127582689204	-0.504596085018576	-0.00316820107653411	0.577448906573548	0.524059555579600	-0.857562502675088	-0.691788663770753	1.32485872830430	-0.941051442652248
1.05113181213374	0.512863648383434	0.511646736104483	-1.24132552867997	-0.886109908761169	0.153375294643389	0.765925556224331	0.495577715955914	-0.630129895683244	-1.02673337054558	0.353457005338908	0.877812619495466	0.772954646434982	-0.203774225259078	-1.50180691234461	-0.771110282928589
0.425549308380674	0.210256569054175	0.173129975538055	-0.830816624084382	0.839513910739124	0.296555735007887	-1.05365420689433	-1.05079464661695	0.405684458691535	0.815672624008224	-0.720205720499460	-0.603076275491722	0.165511467136045	-0.140933160033599	0.411556414622004	-1.05125106060202
-0.824436455673028	0.581154714986470	-0.798774995694383	0.107228626520533	-0.709496830995070	-0.593404933478825	1.01811386717777	-0.141565263567562	0.507310097312307	0.134460429917345	0.294600562796489	-0.313579853685877	-0.651188679553803	-0.794823149739553	-0.574279711509555	-1.02228722423767
-0.299617846444161	0.443767863912120	-0.256502904167179	-1.11735758021009	0.204095103411546	-0.0455826187090839	0.950361642320476	-0.507093668596618	1.08895829023276	-0.544221992875355	0.228848290352678	-0.652057721576703	1.04536220910965	1.37551411262634	1.21868624893927	-0.212365322204142
0.373828934322966	-0.711278091989578	1.28839859832952	-0.709429894200567	0.808824780945802	1.11554899929591	-0.126846427978046	-1.00379822915704	-0.285253579727113	-0.549331187209125	0.0378024347391476	-1.13287061986903	-0.0510079267362278	-1.78331499425453	-0.00746037236491251	0.797901801533513
1.46280573359770	-0.0788448371963062	-1.70272244906855	0.403702132985410	0.418138466306840	-0.436240793442558	-0.515729734304599	0.773160007496406	0.975978821963336	0.780020369549203	-0.488611996146502	-1.08592160274759	-0.313902383391386	0.208487007927925	-1.97000389164470	-0.448429082952834
-0.0723671683042626	-0.811290517883277	-0.233120854093145	0.416569684594667	0.921858411250990	0.560376087373837	0.946034944667068	0.893038165985263	-0.276771249691245	-0.337359968649140	0.413192328386632	0.746441448378160	0.596490632106658	-0.165184193754425	-0.868714954744140	-1.02145443381740
0.935817017823060	0.311600071646605	-1.52798850293961	0.433784619380766	-1.22885327726427	-0.329646442087027	-0.0614052753302505	-0.142733550912562	0.685663343909146	-1.08659803956909	-0.716137564627400	-0.532471313680473	0.614915331357705	-0.675961406566769	0.625531259370208	0.985263661310823
-0.942767010924123	0.604804029045095	-0.530703592345015	-0.947233276622821	-0.841254413485930	0.399114380702655	0.664281428362418	1.30966379387639	0.810691428347551	-0.421374602314452	0.148270598905368	-0.0874862961877614	-0.986271091306542	1.26498308381565	0.948131837611835	-1.17349137124435
-0.325788180178832	-0.108081737779903	-1.09822248359978	0.0477872658984296	0.634018086890015	0.0670354629118426	-0.282370919170903	-0.950674653331113	-0.855108138897659	-1.05577722107649	0.470139587260657	0.851912684505967	-1.01345214648386	0.0493348241059891	-0.487166908177092	0.0469639321185380
0.390620873464615	0.298771189582034	1.27629336059198	-0.413078745293471	-0.374739323375217	-0.177710169206581	1.03866850514734	0.865655066423859	-0.324911912549328	0.114876346284132	0.139330436401445	-0.779467592867909	-0.756414552914186	0.127672981280718	0.235009111739016	-0.00469993186956734
-1.62739137124577	0.706917060649048	-0.621199451422028	-0.448224761001581	0.799220088354407	-0.0250314665599929	-1.00599609881472	0.667688346517923	0.0613172075845624	-0.916050544516923	0.109538671382941	0.833655299348937	-1.27749501888922	-0.882401378188385	1.96493966109172	0.961133660200364
-0.711879919486969	-0.299484354244450	1.21896828914758	-0.822667026638552	0.667207916477989	0.584409155546924	0.281869212379002	-0.00670111247994816	0.648891037157291	0.0220481853334683	0.877536093138028	0.244242097417271	-0.537879250296535	-0.650736432258332	-1.92793922360806	-0.427574108146892
-0.655088977274156	0.555005304236864	0.600793465174821	0.402095900125923	0.227061442922265	0.732572645285810	-0.713933613086592	0.298286728156771	0.157464220711465	-0.978141812239193	-0.954150610231550	0.657695720972297	1.21672805405032	0.201062358050253	-2.48561999105944	-0.772314490743921
-0.798517171254618	-0.436427648123146	2.00987770208511	0.591002334800539	-0.160790477245767	-0.161951614420881	0.769141400301193	0.968814411189346	-0.135333884994576	0.471731825596794	-0.389979364424202	0.313101495377894	-0.722638319135201	-1.28033253308271	0.957087990929613	-0.317287792902837
0.318558303674236	0.0757060301676489	0.306678697251532	0.623517889315990	-0.879162085484746	-0.195898354242412	-0.400928811119831	0.344330192822004	-0.186869346996212	-0.267085945676991	0.740510509994214	1.19302101475233	-1.18746165706226	0.235238234628300	-1.25542973336127	-0.445102949128963
-0.00410951618554104	0.730645178368964	-1.33695798961218	0.0423820492130085	-0.729671304390357	0.0638843316738371	0.454796261770601	-0.516586793553093	-1.02356301561156	0.805201391328446	0.0307982545372940	-0.438543430182633	1.07919280196093	1.21885213267679	-1.51765847606650	0.267165504596674
-0.646082188971017	0.288850470731551	-0.129950406573477	0.225583064283861	-0.792962116351625	0.125140415685237	-1.09701371128553	-0.367344337409005	-0.101366225395543	-1.09505933019051	1.11759364428222	0.0693127705899773	0.209213025091176	-1.01771626036238	-0.927290343526602	0.973091802842938
-1.02347450088793	0.672024690132051	-0.871710886767485	-0.901676595930744	-0.105256650818981	0.470306512555016	-0.238133987535618	-0.682599189542570	-0.269830134093321	0.324443341718153	0.454432424394941	-0.724273945915005	-0.507033409390279	1.07424568307830	0.652525112478572	-0.425556286481889
0.528251222748921	1.74825777544867	-0.243933094457831	-0.248246626642234	0.574409918069186	-0.0923636634016142	-0.202686043421854	-0.136918468704067	-0.695598243094719	0.909985957278234	-0.874986179400797	-0.278824428017212	-0.0891960683944910	0.922706037218663	-0.882385390097263	0.208948415193000
-0.208684199787853	-0.0656813482879823	-0.206680719527845	0.459928565060150	-0.0987231275416557	0.655632979967721	-0.269934360014046	-0.295886685757271	0.819866182476517	-0.630181013509598	-1.04247330368237	-0.159161791864457	-1.13991486171449	0.297809751230548	-1.36381550199571	-0.984361327650705
1.00629115211974	0.902939176340161	1.12450029874437	0.934150791678010	0.742249247204123	-0.0281222965590563	0.119319206028952	-0.0961263820178633	0.617229944934070	0.934204123112438	-1.20397703426973	0.373785881616547	0.922379218687351	-0.137688451822336	0.897034825699059	-0.802444129736326
-0.450415882208492	-0.951185363552468	1.72369009934953	-0.611696970645828	0.0316600280621552	-0.728619927057510	0.222658298800789	0.0972795258951924	1.18306657023814	-1.05823546296151	-1.04622827603115	0.827118047428495	0.552883561073332	-1.96271902862012	2.46882209960142	-0.274490372641210
-0.246285149564944	1.08499311360585	-0.390254950878246	-0.617545364029359	-0.0322439515287442	0.492822726316194	-0.813619807271239	-1.04950315395246	0.144155785537168	-1.04830641439169	-0.0607214898836011	1.15124674152865	-0.745232026880428	0.893216840205123	1.43942704532312	0.0941103219978923
0.146964427496878	-1.33550081481678	1.33790022138441	0.574611631982303	-0.230266485378175	1.18918317703467	0.525389734140704	-0.637544101243941	-1.29863770711045	-0.870468446200506	-0.434453695900792	-0.491304407755786	-0.290486637476666	-1.69460555396921	1.57768484126372	-0.127014334250612
0.198243801312161	-0.417530907534625	-1.10269524381294	-0.823984684290174	-0.299355257490449	0.686516053702943	0.755537768653098	0.322254096574525	0.274732438211300	1.06503165563317	0.400145157833366	-1.18738510588747	-0.638275587692135	0.114216051291355	-1.20393305592741	1.14843260601599
-0.757439620650112	0.938200957173577	-0.298204137630444	0.620187304747622	0.730153385745014	0.358606098320117	0.593207928144354	-0.833680598247858	0.741845402479702	-1.18036398375118	0.229660570365365	-0.130297661443866	0.645539750245611	-1.27199102985515	-1.81184714296099	-0.766682298546871
-0.327196388478222	0.0338148949123832	1.70058787176891	0.800452066770888	-1.49022951395513	0.109086091228733	0.392910112541191	0.119316835442981	1.05541569098138	-0.652295622706325	-0.331164547931859	1.36865738050593	-1.19218518124378	-1.29464623281241	1.69136500107012	0.00937809124847648
0.382591119693203	-1.35824717714744	1.08760583947393	-0.791930290188325	-0.748953391377467	-1.13300088718215	0.159349673284069	-0.833216194486910	-0.627029888632788	1.09913519556699	-1.26073388880535	-1.00015271959115	-0.0857640385558027	0.487346628308466	1.13046259674793	0.0189737533985489
-1.15889698970114	-1.43977750362548	-0.495521489312615	-0.570641419985724	-0.956286822852504	0.352627991682205	-0.702936291128631	0.156169235919260	0.542743576563253	-0.752497831012526	-0.740248522990699	1.04638386821332	0.846137081086972	0.814338286725466	1.16395628152530	0.644970607886593
0.0501182540571470	1.00589764119134	1.09340060869122	-1.17926792154964	0.291208627604008	-0.255169384148867	-0.684004413915793	0.0238638468969636	0.0212010746043251	0.0770467359778127	-0.532860347213465	-1.17802196228224	-0.156221704131211	-0.859155905268230	1.10450585430293	-0.610207845743682
-0.291566185164848	-0.875501172995608	0.0252909662970708	-1.04146889431463	0.151170101819371	-0.957854622819436	0.108799563694230	-0.0780026344318000	0.990637978822831	-0.499175296059362	-0.409366798661208	-0.0710820372823967	1.23423381439971	1.01799367971717	-0.939937467001369	0.823098367075230
0.664448311443144	-0.552449539936342	-0.960359938033647	0.269337226617293	1.06122451163227	0.140767288500479	0.0144257252509692	0.0500897544734843	0.439828791372492	0.389908950483956	0.608988342118679	-0.754021277349271	0.561176028643264	-0.0693286991890072	0.856951409343180	0.988377996298654
-0.00247146299585023	0.326839356960936	-0.614375942343951	-0.776223629207726	0.109432251523037	0.875138970715506	-1.10189827355030	1.11142886646399	-0.722971934538384	1.15057827250909	-0.410106416772639	0.500798756646171	-0.846825557290370	0.0723294507482518	-0.225305435040052	-1.19116905963854
0.461799915336446	-0.751032345694358	0.383856509217477	0.715336166532567	-0.398421573539902	0.276213096938605	-1.16312192043525	-0.548237014532944	-0.151951460173456	0.416747938359236	0.359653623185308	-0.576122485721895	0.835824392977095	0.265033629168985	-0.914505061401100	0.538241333975829
-0.241112953739880	0.115829934373015	0.562534758453225	-0.830165637092874	-0.696668675990621	1.35594681616188	-0.492439445334252	-0.209896160298899	-0.820360368736883	0.355494565191359	1.06096525690374	1.03007090342996	-0.690787951792599	0.0962743278046132	0.168709823686123	1.20152293147277
-0.397964122483684	-1.00746368068325	-1.23151662035176	-0.790573252457581	0.275803160495416	1.09545600786644	-0.156642482455635	-0.245737719954661	1.14617209626234	-0.575018885205021	0.110435744654903	-1.13152348711568	0.217120718392850	0.920060742940435	0.0156327820075283	0.668501722127958
-0.841305586162060	1.99474505807570	-0.276435887472240	1.02666885664581	0.190566391872718	-1.10382718150376	0.101206078704205	-0.138048049532412	-0.278732131754984	-0.735037476044490	0.828716062475192	-0.323453622037303	0.179171958435698	0.666203682659909	0.407636766042472	1.52154037020181

-0.635186676983680	1.16010897701803	-0.701471213815016	1.08938356863843	1.12563959873335	-1.03237222593998	-0.687675932149529	-1.26997672171658	1.14107050224281	-0.435176737702412	-0.974892935528955	0.852667350585847	0.935332757434976	-0.0353516440339261	-0.952914983701445	0.788927880185198	0.752467996174954	-0.200608784263565	-0.916389942604238	1.10878287661311	-0.855776431169182	1.26017353855873	1.13335767031841	-0.150675892146268	-1.11866623121973	-1.29754743275084	-0.299742799847654	-0.770914957821858	0.367637975903575	-0.332326793297940	1.02529624193406	0.426417721287933	0.384995840065901	-0.595605964207406	-0.881618980879455	0.879432173113597	-0.274081956742641	-0.223114370899572	0.499038575742353	-0.845057744371638	0.832370560281755	0.229605974751580	-0.584270750758439	-0.560948103706906	-0.189582815356862	0.561622927353600	-0.689080222039395	0.437997020582812	-0.430481252814146	1.15896627037951	0.443715974453686
0.281864974515680	0.680771102930064	0.293903592295699	-0.355224771373797	0.338054690745205	0.499236507415161	1.16014040667943	-0.341325118584824	-0.00752927535810544	-0.489375469230785	-0.351498097824557	0.360286928508044	-0.138096564600536	0.0732363412885853	0.215173641888580	-0.836879380149782	-0.353154622530080	-1.24675961649689	-0.0297623251411108	-0.390003216465837	0.520037249795326	0.374265868332005	0.363879835419200	-0.266530979674172	0.297010171949309	-0.315041709460711	0.614812744784271	-1.44199006505076	0.128351731120782	-0.440831802880759	0.181753468427544	1.25350439058426	0.628884028413908	-0.392637686298165	-0.620576750485322	-0.615583615025687	-1.23066364904019	-1.13579197674480	1.39382801061079	0.230843823103115	-1.40930408791824	0.917058081297322	0.732353884651351	0.529312012858338	0.641817106253131	-1.24939412400550	1.11597993500267	-0.702560699463273	-0.626314500316860	1.03649388468966	0.339557805184352
0.805261421081399	-0.653789788389360	-1.11169456204839	0.432060980771768	-0.973557755159912	1.62314000206435	0.572768594881094	0.358253083009928	0.768676357085045	-1.71067546162097	-1.28484789327009	-1.20743812550142	0.841596078700381	-1.40180072337894	-0.125684728812721	-0.852430102627673	-0.337582292991242	0.522901745141399	-0.241415717346895	-1.11086181350703	0.530190803037493	0.683411747197086	-0.584798699053411	0.953282097815089	0.954902395859277	0.692986001783451	-0.0580487415780898	0.179072994812607	-1.08515126475827	-1.48615728719502	-0.356543708051828	-0.400459890835900	-1.32136024345846	0.484564069088419	0.258327829393161	0.272337220478253	0.0925768490290583	0.613712584112016	-0.475060750092420	-0.731891842924145	1.50658536163023	-0.316186319656246	0.675743849672685	0.705019237120190	0.425554453848580	0.622065257703677	-0.775412392648645	-0.0188528640961498	0.0597388983021486	0.383205699863137	-1.05569552279126
-0.401191743053765	-1.08548475768825	-0.642525574480942	1.01952280838389	0.210633538364395	-0.939889164001342	0.852989743285933	-0.978145573449789	0.317377483873287	-0.936385651824001	-0.122872774133146	-0.882871664676256	-0.880149255371567	-0.804572486168035	-1.02890508412712	-1.01443941916060	-1.09395941325495	-1.16379335154355	1.01942588970441	0.506086031832010	0.361270680987515	-1.17373378268594	0.718888446434048	0.869871997801311	-1.13500922461442	-0.508953543814512	-1.05834441654411	0.564504636067454	0.856487313827620	-0.600714319489145	-0.642711461598073	-0.529587057330248	-0.911074641791067	0.320482776393508	1.08928608098695	-1.19095500005353	0.388242589793113	0.0255293545977474	-0.153067969578240	-0.971336737851388	0.269894109013892	0.312560210950528	0.444566869931779	0.874256229392170	-1.15227578483702	0.880727565101985	-1.16202529797480	0.00774058876381507	-1.12815535189093	0.349209741039577	-0.238804171689795
0.328728571013223	-1.21959958400805	0.366614112178919	0.319779005126053	-0.327277010151713	-0.383142695709548	-0.223326972944188	0.645705394749259	-0.641327895055406	0.460811408326744	1.27879996605105	-0.168736994187886	-1.22056162877178	0.449061980178484	-0.309853816366428	0.793076213483675	0.200311540318096	0.274260252940651	0.813020350374847	1.12328654045700	0.516306105673708	0.504578588610049	0.975548752462440	0.396672491665531	-1.39461260050473	0.641588808325125	1.58289016205645	-0.482482250437422	0.288805644647856	1.41144375087358	0.0442313733540264	0.441187984389603	0.922628877194219	0.630276624535318	-0.182699268795389	-1.71951477142206	0.346080539629731	-0.908274207333624	1.28338388781060	1.14392520456655	-1.65317571930902	-0.865209690193913	-0.448031035288644	-1.39544818261543	0.548200822445740	-1.08251982748143	0.612307791884348	0.757688725476027	-0.708066246690146	0.937805662440053	0.632540748986414
0.309219944576910	0.221903612087980	-0.313214641258419	0.869713780453860	-0.531144568118208	-0.436957452145243	0.238726678176703	1.15705627197409	0.781918475584055	0.463542611485380	-0.363335570392529	-1.02097267854109	-0.0697236195734035	-0.236538433231078	-0.504804068011690	-0.831570307444279	-0.306103962813559	1.20983189182120	-1.31016017488931	-0.898767103822130	-0.116995383606747	0.462177655657058	-0.909878765469519	-0.249433863678481	1.33845786268372	-0.601899992600018	-1.06035489277495	0.406932165550384	0.724192885158202	-0.672180053175263	0.290731240828294	-0.00617705067242966	-0.618997644959790	-0.0707683877533885	0.831904444176645	1.39093579892649	0.821647298392119	0.989825852796608	-1.12188950551627	-1.06500492067616	0.913717317307783	0.737086713063224	0.000729497691072041	0.432357890495844	-1.01129076560729	-0.854147017468618	-0.266721330113534	-0.808263563653300	-0.427669409708721	-1.18350268803618	-0.131186255967230
-1.28390570121307	0.501246417351659	-0.489738187231807	0.562594593968687	-0.781374182504900	-0.475906706405689	-0.517760147826692	0.468259606117593	-0.389367070110435	0.776966779959299	-0.692049247856434	-0.685869558633110	-0.328069416442927	-0.653437504948695	0.924808035834633	0.870754709939747	0.599425503124498	-0.338146911697350	-0.0969435177024849	-1.18855871348269	-0.471301060299002	-0.760815166495812	0.420761288925268	0.671212531382332	0.620540635540356	0.423499539589904	0.641478773923006	-0.817724921342759	0.556733599207985	0.118968002182580	-0.614947994174751	-0.515197231141400	-1.17993883355971	0.963605291594262	-0.982865693306444	0.252126873368148	-0.794570278326072	0.693722433795725	0.205326576032661	0.477445646209487	0.521814268710879	-0.370780725306734	1.09059964424071	-0.227551430663696	-0.758786362361379	-0.396868687710701	-0.293545189263347	0.847973180272328	0.116744040482616	-0.349683478661809	-0.745128555611299
1.06865822804395	0.687197089740288	0.499662854127878	-0.292725485805575	-1.02733635966875	-0.889496206307450	-1.06659095771454	0.642719873001533	0.999416687833608	-1.15277075698287	-0.382198921697553	-0.437002480215345	-0.0785061574954934	0.628123654384435	0.274435624575812	0.0239661742616930	0.641617564354191	0.499095372027180	1.03046296079580	-0.0975667394719555	-0.337911280210586	0.0508812881039140	-0.487416192455454	1.05431405880841	0.172400509499655	0.497203506766576	0.227394982282968	-0.00854968760394576	0.353840470512272	-0.763525805359399	-0.0830135873795748	0.172935251896704	-0.483852846613912	0.653770097651386	0.748165031559042	-0.450712904893506	0.0865236218208166	-0.468128793364614	-0.667766290558921	-0.917439107729105	0.602419088499573	0.639089933535473	0.655510192550823	-0.396345405413970	0.936045459555229	1.03821770991864	0.931948733381776	-0.976208600227819	0.835871825441763	-0.977237806331578	0.167256109321802
0.862806316974711	0.283814734402828	1.04260753885008	0.509631294411269	-1.19940600605375	-0.671862488089464	-0.599201543365665	-0.631551233310435	-0.0806007516019881	0.483049063697730	0.526377430799637	0.908225539222268	1.05383596508717	-0.306632830789850	0.858472341742491	1.06992848209511	-0.342484729105129	0.392388966945726	-0.337702695765049	-0.994453492341843	0.429276629737787	-0.686633918603937	0.337600922419270	-0.533177081023468	0.415535654942422	0.539375380226191	0.788897985041549	0.467608622223664	1.09365790677230	0.520227493145407	-0.0140393731479504	0.737671019133334	0.678080220326793	-0.411745047820075	-0.697499571872819	-1.12681604144528	0.0114375759245648	0.194228842631647	-0.272558608643143	-0.167139999124392	0.681611408007686	-0.379208383845352	-0.212551016698451	0.928048356433342	-0.858453495429329	0.210307149929035	1.02621828705958	-0.516896206822704	-0.604993303867113	-0.412282417738212	0.705704261266170
0.331337803334410	-0.576746719106898	-0.823233154329698	-0.857032096319480	0.617420035113014	-0.0581083326439261	-0.853588555892515	-0.645154283158418	-0.910996124395686	0.614222345680170	0.308605787225300	-0.548357549642316	-0.396797676852725	-1.12426327721209	0.383263867364397	-0.884663979641699	-0.762001556427740	1.31132257672539	-0.835133978189897	0.285619187868708	-0.927245786330072	0.00180813307785321	-0.0982074575402716	1.16661490129662	1.12241378885781	0.428389062604960	-0.830633750507193	1.28217050422487	-0.765373754202054	-1.17931524939451	-1.00004521732913	0.858447976160896	-0.752843309037381	0.456972205194698	-1.10672686530761	0.233413115355123	0.890792704101553	0.969246405838262	-0.804486688352893	0.258506267442826	0.472882887301691	0.692336735101332	1.12020518383407	-0.545790264088369	-0.667855756900710	0.241979485068608	-0.216651672895320	0.596895495334060	0.259829562946623	-1.26879843782688	0.648005162329053
-0.104621796694842	-0.869591378819015	-1.01746351407791	1.09767359260805	-1.17203473994459	-1.04018530618580	0.935034498700047	-0.555017650405269	0.372287591889880	0.715610812759596	1.13296477960969	-0.598424529348950	-0.639683540796413	0.335261056781296	0.686081406027708	-1.03154648951521	-0.333503795812584	-0.743048002996863	0.918442696814872	1.11857360376934	0.726214388081919	-1.03681688730177	0.971375929766661	-0.147041306800217	-0.0243390674974114	1.16848122637048	0.468486167194883	0.385355640064323	-0.790311193231674	-0.0994790935162415	0.646159946880663	-0.103662654320452	0.263324346125650	-0.0720551767945029	-0.371267432523987	0.284025755542340	-0.240329910380003	-1.27952760168820	0.488905806295750	0.378036146002470	-0.233002771803003	-0.852536612939602	-0.755251873999903	-0.395948376636312	0.876803813400175	-0.0795719242856281	-1.08081857724824	1.27773374674904	-0.0279913498472122	0.785057242154987	0.958619429896196
0.565522959406194	0.417839758713392	-0.857081635867674	-0.681487125314282	0.924433749719542	-0.533412975721791	-0.848958147865653	0.517034981792499	0.0594495653499711	1.07728951603012	0.832823281013469	-0.0815795515363755	0.230630148910350	0.160687950548409	-0.105403096799940	-0.264220590407330	1.14693610437793	0.271103884586157	-0.433626717800983	-0.00328653672196919	-0.0629077514757503	0.233225881392768	-0.573290133725616	-1.08346592482913	0.680878137028147	-0.753357548386565	-0.883493404904051	1.24852880944176	0.646712189627483	0.859863071062005	-1.05237572826899	-0.176674621556561	1.04208465165985	0.220910387488395	0.268643003017972	-0.376202355410077	-1.05271713867312	0.908361290852890	1.05660647770197	0.0948447180047218	-0.0773119801113780	-0.759907159030641	0.0901353202962949	1.12831769460703	0.560233318820292	0.877434709419267	0.768362363241619	-0.974512572904370	-0.821014003871822	-1.07946178812338	1.11335743512964
0.361570718990492	1.25029825423866	-0.865125655626590	0.687389881043466	-0.173186721930522	1.27858108364992	-0.940392611640893	0.948718688099745	-0.605373619218032	0.182073618584692	-0.455312954147199	1.09491969198979	0.255694954344521	-1.06777443053487	1.11107943214672	-0.257877133834417	0.288096492344207	0.798509746020283	-0.787301698026169	0.0720333063200775	0.785777919459549	0.166807504917154	0.376910506935613	-0.393204004844772	0.475519996971496	-1.10232961841168	-0.672882867495300	0.653795246103336	-0.678419771607869	0.771544540119940	-0.927076636770770	1.41187473235907	-0.367580911881624	-0.927952707941836	-0.749213481012725	-0.813732745161366	1.47716749766650	0.458528728847722	-1.02516476581389	-1.09382410667238	0.227021973067498	0.514275563083564	0.127522595061663	-1.07432251346743	-1.05043110735166	0.951895759640726	-0.939364114587122	0.965625034594303	-1.14627912453481	-0.0327583933074241	0.871578316679362
-0.561769731227603	0.568422964534195	1.11398140124371	0.227969191881974	0.333723795094813	-0.622689041074001	-0.600484537211607	0.405214346859578	0.418969211272165	0.817161483090293	0.653708074218091	-1.00411826166738	-1.13489041624156	-0.563579093142248	-0.967615422748541	-0.200392858814365	-0.550933707381314	-0.421444855669622	0.603085529190580	-1.04998985660476	1.02204815889484	-1.09127748654631	-0.406489223582911	0.299344980834013	0.924317925905872	1.12044279115645	1.06211335364146	-0.0937858186388344	0.0891518263024312	0.935217418953697	0.841831703314646	0.0828680312265363	-0.699618037938680	-0.364827598109143	0.763086856880184	-0.264562337480230	-1.50776008509544	0.469371822347504	0.613127314398071	0.860096017058375	-1.15105077863409	-1.09424127708279	-0.146791277730728	-0.448457595759197	1.00088797585758	-0.0616903670430570	-1.12842426559922	1.17051343495591	-0.533446837610503	-1.17428040053441	-0.505905775581806
0.702065060486633	1.06253509900747	-0.942137138818568	-0.832192563106216	1.11406906048524	0.545554554760733	0.419167194351417	0.106382996312854	-1.19506345402127	-0.925409586287631	-1.25918285214953	0.201899677674254	0.00472957485426512	0.666838539458049	0.0973014131185067	-0.253651061412292	0.423737645627398	0.0341969265815299	-1.04713748592829	0.0194731633621271	-0.491114497700165	-1.00974583602534	0.0644829522388408	-0.149535891205125	-0.810461489995332	-0.942509538144844	-1.05915114791983	1.31285944986887	-0.350295118850982	-1.06128739270385	-0.733339595862288	0.930169543690924	-0.622004419723355	0.155189449076750	-0.511724494536353	1.51112537782880	0.220737652080928	1.36349316820808	0.0612678327089607	-0.840934728365880	0.371084158958387	1.12429053291486	-0.0978030354206362	-0.787482490555619	-0.421937051626102	-1.08099369131691	0.400749716326936	0.823922326051980	-0.106583002055409	0.425295653301747	-1.38331304166179
-0.917049512799268	-0.523210602554724	0.424005717494801	-1.17623085057259	-0.827098829610643	-1.10308208992034	0.894484704706280	0.870203054566631	1.13377744609826	1.07804466447744	0.232283993136754	-0.250254138628078	-0.0554898160302908	-0.357830953213665	0.104111732836223	-0.281868120228057	-0.263996698875082	0.467156528852235	-0.196228858479989	-0.298041291658668	0.695866773501575	-1.14982077950913	-0.0822219561899241	-1.00130569121159	1.16538077940657	0.184997917456786	0.191236776303544	-1.17285423945467	-1.25877965158509	1.05845163155820	-0.483586541757832	0.934512246548271	1.19363816528012	0.895643997139682	-0.0307920513642282	0.391747513784215	1.01813336006381	-0.300874633103697	0.997119594362191	0.893254660189248	-0.709466557303093	-0.221553095919587	-0.0161880096362368	-0.746699358330429	-0.702435987461418	-0.481189165004484	-1.01678463672284	0.0929293500584979	1.07278393575363	-0.420183258286411	-0.860278006716210
-0.380276696754545	-0.415088505697516	-0.587940530708347	-0.457728372579424	-0.730351227216309	-1.18473781864028	0.208838303554787	0.601377818378121	-0.720919357765113	-0.249538998956517	-0.131767182781092	-0.211635527613250	0.832624218646986	-0.667795220584411	-0.506445898850186	0.972652737848472	1.11579762046287	-0.409727614155880	1.09105577340611	-0.396063208860422	0.447863610702740	-0.297570597422959	0.511714227654105	-0.692106784582009	-0.709111687245482	-0.905243733455057	-1.10277075467190	0.0237152019730020	-0.333279077160446	0.350098977230816	-0.283371062214051	0.849074552320841	0.602088285386701	1.16665664317136	-0.0696916736527121	-1.38936010336399	1.08990589527569	-0.268234790277451	-0.805652604726287	-0.361026701436179	-0.696751774076125	-0.757847935798316	0.745196978104279	-0.968793078687057	0.110676276520264	0.359499403948787	-0.911548033496358	1.16958624446963	0.963275253238336	0.193319242650450	1.27994260644242
-0.943773916503048	0.0846954489799568	-0.654952739968498	1.10289501115950	-0.437869053619360	-0.798537325501003	-0.804216055549387	0.394014194878009	-0.794587228318750	-1.03093293087122	0.850460681628265	-0.280700874465962	0.716642584215633	-1.05613004081870	-0.302960170161960	0.398541230574134	-0.741604741995143	-0.0317224469658751	0.894760517377213	-0.492758787461246	0.424483351242873	1.04014645661338	-0.609098937516883	1.11785601557660	0.965143957175930	0.232239740138243	0.190181597579933	1.03808020548438	-0.593941053305403	-0.843195779645662	-0.0456786066925571	0.444348468357922	0.335706450893253	-1.12369208909276	-0.561808714761265	-0.227314206955329	0.275478583654274	-0.965909059561212	-1.06444615288320	-0.248123689977587	-0.490544832182436	-0.524574116144825	-0.683136768134902	-0.952273157242359	0.991182621395706	-0.743501063943547	-1.02265037369034	-0.426490028467005	-0.155607911062594	-0.175466155699913	0.0257528301093482
-0.373581786133247	-0.886828913756753	0.414776257539348	1.04838369026119	-1.15155543849182	0.740836388726682	-0.432965827267356	0.387263016912920	0.238303962114798	0.456871574807213	0.760713489442884	0.856398642180614	0.810019981696722	0.148792454751700	-1.09316934381918	1.05066885832247	-0.429395432121461	0.515043555126488	0.487416495127114	0.512093080041838	-1.24158236626791	1.09743624993840	0.504232081011297	-0.425888566095335	0.358107788320652	-0.542303850332616	0.0590718912825046	-1.20339243499704	1.13323963574301	-0.844325001190717	0.00812876875219209	-0.451954464697788	0.563499178766804	-0.915241751225436	0.994235896662561	-0.661191112213980	0.396265306617874	0.901552371454066	0.616063083187380	-0.299864553894087	0.612586717483037	-0.964588362679960	-0.299011796595004	-0.0365472675859651	-0.281136968727077	0.435909220967968	0.550463585330928	-0.590643007561038	0.991054303243468	-0.837597195077446	-0.746396398240154
-0.415172933238757	-0.655840355989697	0.0325978292081374	-0.595753012570594	-0.388140201035950	0.722796590978882	-0.694841052432528	0.621485996431547	-1.26360563930221	1.14782902392239	-0.162917257595357	0.820516695718106	0.202146800740129	0.0257319599906966	0.0167353298995130	-0.750441473784851	1.01153665983985	-1.22280312140443	1.00486177904516	-0.928016074617441	0.403336650569119	0.268699720778279	0.848044154754403	-0.930205553103063	-0.153071069782138	-1.18879082505794	-0.806351685820014	-0.872744621758807	1.01163090344430	0.992148427397093	0.219600575516496	0.231014612821966	-0.0669482350009393	-0.138415515773011	1.04477126833464	-1.32158957955122	1.03113301925025	0.0454083209514475	1.01576557456800	-1.07872703118419	-0.512936389976110	-1.07186904028661	-1.10304032614317	0.283782096819517	0.0512433849426932	0.102884121338203	-0.945782275371851	-1.01045650695294	-0.189417044910741	-1.03091611101906	-0.0269199619973065

1.97811477998381	-1.30547131258309	-1.17921934687682	2.05465063869086	-0.837621490160553	-2.59377243877928	2.09996692334257	-1.33156807987276	-0.0155168927635838	0.250565592046104	1.35961698205966	-0.575065550342848	1.74506826508971	-2.18903642957880	2.82330106382276	2.01832325651901	2.33700241002691	-1.39965121529450	-0.0659608009706121	-0.454501173741050	-2.06957533351228
