4 17 50 30 1
1.18795305276226	-1.49340700999745	0.253098451690928	-0.242672296912652	0.169800729010191	-0.381866827038628	-0.287040986261254	1.08548260968099	-0.526716834461538	-1.61402308545575	-1.15700129473762	0.740836418002158	0.0615588441368247	0.300388545874678	-0.373302383047952	2.43493792197227	-0.344419873360404	-0.615935099275077
-0.643088764619853	0.463075973702892	-0.132586976804216	-1.15448311659567	-0.397898272534809	-1.03050204639480	0.385948805373506	0.459343627060471	-0.0893568032032029	1.00823166730230	-0.773646548846362	0.926432119140750	1.23386357541979	-0.138344100299310	0.431487598716312	0.379888115378900	0.254728704723468	-0.839867082090562
0.0342991635707358	-0.457857634514886	0.0705096182839824	-1.16309493675893	-0.650133601931187	-0.239803466754464	-0.640603749724316	-0.534977121639657	-0.154992237719787	0.912426262058479	0.662808218559390	-1.04537595872589	-0.310615775001444	-0.201641200612650	-0.0758517414024330	0.226418618752249	0.766721812955759	-0.810010556263382
-0.101233764035998	-0.325204097784106	-0.461306124812186	-0.604120072549052	-0.474388390254913	0.479217901771277	0.108941104182246	-0.302534998144572	0.456412637182429	-1.01410490676838	1.12216682738217	0.623290298033399	-0.635376092383161	-0.227742647261165	0.0582955992360992	1.58510092536455	-0.264433377124518	1.13510744392033
1.06637132948564	-1.18850949447801	-0.150608358217513	-1.24933107378202	-0.137743917429651	0.730729772912564	-0.981837128433954	0.221799492147641	-0.361383276744769	-0.810955650007469	-1.22343811701163	0.955613932233927	-0.375744418350871	0.237343550371261	0.997565828458640	1.73824565144075	0.315454173912332	-0.634420724210060
0.660091069620225	0.362367703773831	-0.562235810337831	-0.292640098593079	0.194608277748559	0.993794261393899	0.0677203455724801	-0.915573437158251	-0.920308487398921	0.767079655494406	0.846603092436593	-0.883381304910798	-1.08977298426775	-0.836896351043908	0.634917682641938	0.484371166745026	0.301381580836387	0.503251744629313
0.318569229316134	-0.451072285942949	0.423608595852672	0.518653608738107	-0.687633980610852	0.981213533247963	0.747069791272219	0.955344665731801	0.00312708939531249	-0.977008460279463	0.324818597536111	-0.900759625663402	-0.825732758344725	-1.08487352635196	-0.479944198935275	0.781096881355687	-0.980731986282769	-0.0248001282814040
-1.24042752614646	0.776922864002877	0.633839095910139	-1.14792898834787	-1.07293206803744	-0.353623826820850	1.10034941688016	1.30231661271637	0.0270304364835867	1.26552178385466	0.0270157386700915	0.627921943739083	0.0953592675326782	0.676235805563290	-0.00394906009897973	0.594937412656208	0.966894288731109	-0.620925753738093
0.600774638145308	0.892007993693734	-0.00872239145166354	-1.06547191269025	-0.307216544822348	0.315785151388565	0.317992784975120	-0.103247602226962	-1.37379062092377	0.170786844073907	-0.478149595036875	0.504665822066646	0.591064872116514	-0.0773442377751458	-0.865777547231470	-0.225703908066024	0.871437432608900	0.436941154830486
-0.298804773303512	0.109644938537004	0.352561436648449	0.185607361425255	0.722140784797784	0.538305277915245	0.532132131610794	-1.13051051175515	0.348725828701773	0.850492213931513	0.650423109359928	0.207956413516337	-0.388050760385728	-0.729979748294115	-0.733513760328185	0.0391449653249407	0.395180885160863	0.0322358330641820
0.0452908211825879	-0.267034776308702	-0.796178031059455	0.00669985374650480	0.806286034665895	-0.760262643549880	-0.265596033759954	0.626029231679270	0.390646416177619	-0.808079911118810	-0.752471320133928	0.549629559895072	-0.519710777178789	-1.02655425955703	0.550933531734050	-0.853720960787510	-0.266282237244211	0.881715431184623
0.364265519184260	1.19913339020223	-0.548204704690902	-1.12926940260406	-0.829951303758816	1.04376766758886	0.0596383927097398	0.0144606835779148	-0.766161833267791	-0.0359800849612699	0.581243964024013	0.431532445350486	-0.103799514522574	-0.766973729825250	0.675431104914026	-1.88776081253317	0.149480856076141	-0.930149303671145
0.953130381395965	0.895112597586666	0.716705349361318	-1.17408400549583	-0.802292277185336	0.173672946301841	0.720294952211263	0.357544568723633	-0.644835193788024	-1.11276333106278	0.386633813164567	0.877013073429798	0.930330096441065	-0.232490422039033	-1.17661756222437	-0.731082486943106	0.209220693878552	0.494677179602855
0.412041407617373	0.131788938235844	0.357674857709469	-1.01890461281503	0.875937357771714	0.389211057042113	-0.807824473212825	-0.745857663926997	0.726902626602169	1.18646400284315	-1.04558121305836	-0.626925803769853	0.267278760967173	-0.117370130031457	-0.00159253341690695	-1.12019620500980	-0.610611610465072	0.818250085726634
-0.981196192380127	1.14652864740700	-0.171929429740015	0.455614680097686	-0.803429593592474	-0.550912438439227	1.29899880757797	-0.00459256785080114	0.674241998491823	0.842223640439784	0.136872908037608	-0.337152492125282	-0.181692504625594	-0.940621220804746	0.178402161005263	-2.07218168918998	0.603391679031427	-0.195514111931950
-0.178717910993108	0.431450670691404	0.129891138186752	-1.08414220128779	0.393159038024130	0.102917203920848	0.932616595687519	-0.329923451138066	1.20565658586666	-0.521819861853838	0.315474404536903	-0.630615261812411	1.06319619974930	1.02879105135987	1.01300895307112	0.133353719313841	-0.825394540643561	0.938417579134749
0.678096736151630	-0.672859844941621	0.609801513874056	-0.521556922953845	0.764125456284973	0.873099825012126	-0.158411521204200	-0.943633865492274	-0.259974650322836	-0.583546231032684	0.324164330356237	-1.18903319466715	-0.108097666025405	-1.19479599706924	-0.850567534211028	0.919961695118872	-0.559012181433687	0.521935762218550
1.37989250915001	-0.897048217998123	-0.937331483484903	0.298112528355929	0.765596064457506	-0.240864734186353	-0.165025186213460	1.05220942878939	1.24035219552910	0.845382182233260	-0.846865653846429	-1.09524464899018	-0.867474925923155	-0.138048466145601	-1.16860780192546	0.269436477313970	-0.789796826867295	0.185275618239771
-0.310811834056268	-0.452699728695076	0.154639392952698	0.517233196251152	0.879978176547662	0.389429967308669	0.787967896054346	0.732150061444035	-0.189076011594855	-0.402852242335367	0.382152716771146	0.912835571403932	0.375855260854439	-0.555692390526551	-0.0587584854516097	-0.660826771926942	-0.203626652382426	0.402179514231105
0.893676127434259	-0.0663989874975581	-1.24166133062526	0.412956047318685	-1.32242534967798	-0.304916589913786	-0.148568372427360	-0.131412447173719	0.675517180809470	-1.00526245122640	-0.725507314975028	-0.282333663604350	0.358782401810744	-0.835771903856892	1.19564799676043	0.891064254381130	-0.447040607063216	-0.944517417297251
-1.21583035072451	0.781383246153339	-0.124723243067028	-1.00398819411848	-0.954905794452302	0.303457378634627	0.586313144758645	1.37718674520891	0.879327783375366	-0.176989953737276	-0.0405503562589639	-0.136546275366197	-0.555500096234099	1.01387183189699	0.985880547167503	-1.95407268651012	0.779286977975849	0.954928310558435
-0.595258176405094	-0.520717703917293	-0.570444192713078	-0.159326510798032	0.486112557666073	0.390813341696676	-0.345684682636514	-0.911410369233243	-0.877367217485797	-1.09434163370013	0.220958083086664	0.856168031346982	-1.26181138743515	-0.569388868419269	0.0349169407182846	0.112561360732036	0.619445661453293	-0.787753754852228
0.709273962627709	0.679264623996431	0.813551997987876	-0.191495240752198	-0.178576705999270	-0.287918380660953	1.05670001160562	0.908147167930533	-0.205006021167635	0.155065827401673	0.443721845872237	-0.646009445078571	-0.781338025176809	0.496118948601719	0.337729497059776	0.258853136245972	-0.516615417800713	0.592359299613345
-1.05413937820530	0.0913836097963408	-1.20765034078098	-0.230416828802684	1.00279117637221	-0.188342691819857	-0.998847231273707	0.656439302301123	0.0551738883061832	-0.939419947503824	0.532534833527558	0.935679168618406	-0.882509273727294	-0.211820701193028	0.740713740991220	0.375162811294862	-1.08273665660498	0.364318117923583
-0.885997009461023	-0.309019798264023	0.672512006318551	-0.845726664655402	0.549063823601619	0.398837646725539	0.162988081126594	-0.0934893726425609	0.512926200067647	0.113560405491839	0.862869714908821	0.376324176082639	-1.05755336703956	-0.244029904188370	-0.959449010900231	-0.475226063140252	-1.10174852862449	-0.880484769062738
-0.836309184059363	0.295629919487115	0.744735774427682	0.268331372644004	0.293616429670163	1.01438522611895	-0.502382408466331	0.309250383120771	0.0856655717855579	-0.615481969379994	-1.29214690460598	1.03792744804784	1.11961604406179	0.197837366989923	-1.00113372604614	-1.44601431185234	0.00411809095893638	-1.68367152673203
-0.749153026475146	0.0866689149836320	1.34901454805641	0.359837775854531	-0.220375613046226	-0.297969061570940	1.05975818669934	1.35208720191680	0.0284417540204675	0.833973275811905	-0.651346757685212	-0.181668342391470	-0.829644084318222	-0.796617102107909	-0.164423546753230	-0.0694323885602571	0.485751419518813	-0.282236655744863
0.206137909381510	-0.230335650698595	0.648622732336689	0.492701755304971	-0.888973267193555	-0.343945977261647	-0.558643889652865	0.349593832903460	-0.194288624012705	-0.360001738149182	0.714163294275526	1.14648909316582	-1.18130189967452	-0.0688894863402127	-1.31347571269156	-0.443588488529871	0.636346806288828	1.25767879961887
-0.697810835206274	0.00354592665469602	0.229179070103508	-0.274302029814731	-0.842849137787998	0.307313869359552	0.297392871854373	-0.681358885597232	-1.25699427587797	0.242806019894976	-0.559172414812109	-0.489773884107794	0.0733484599892543	-0.0326705948518901	-0.735062774628274	1.25497317273961	0.713229812661855	1.42577022282723
-0.331416166545094	0.316315533462845	0.252944363370243	0.217868665687963	-0.470681280036703	0.181628850997225	-1.17048373252946	-0.252081372013685	0.0353290277020096	-1.16040560517371	1.34742686447814	0.393445234282962	0.148941444733693	-1.17880145771776	-0.749981171317711	1.36614997173302	-0.246131941166999	-0.328177073784446
-1.21221033353236	1.17987055049060	-0.656990878457539	-0.877192625690020	-0.185177272945016	0.609120751403586	-0.314099182388190	-0.869109723581601	-0.327092571100560	0.275556977644843	0.380674038414773	-0.784912450719705	-0.304186719792703	0.895262823336217	0.885257755212154	-0.541172603359464	-0.914334835563910	1.03519218836982
0.478535978815325	0.900563196770517	0.256170774271794	-0.304433875809039	0.794798456540155	-0.0628795244705882	-0.111905664177010	0.0336575955520089	-0.415587721037395	1.04792182711582	-1.10971273569159	-0.00811008357999918	-0.469633258329227	0.641876023079844	0.0545692489921150	0.305623229506377	0.195928202879710	0.485805837533380
-0.0712128454567901	-0.0624347942425038	-0.592997995932850	0.549126355308126	0.00138630370784746	0.521193387699022	-0.303805371810158	-0.343875365529445	0.911600506929646	-0.751571548398679	-0.879880349590220	-0.194798039406456	-1.34993518261112	0.449747402033370	-1.02843691307844	-0.479146893022204	1.13818893677928	-1.04060536636572
0.994555912455929	0.900702298188297	1.09762729246485	0.923064216951461	0.725758042112752	-0.0351635517471739	0.128391707972221	-0.104062984831802	0.599126791692718	0.919048438062852	-1.18448111850076	0.368960250566547	0.914738560215073	-0.112008294872137	0.912445866943429	-0.808808191163090	0.741143952623162	0.221502105440228
-0.136255139044006	-0.969013134486446	0.502660874069865	-0.688042334671494	-0.140985380655097	-0.732780372451753	0.344184859873264	0.180677306622650	1.04118083059059	-1.13673604122426	-0.801858677847505	0.320671547253791	0.682127295003793	-1.03153206408604	0.510211332409627	-0.233043011705658	1.03223085137239	-0.215662100221824
-0.232774001161393	1.50857172713755	-0.280384527948248	-0.281658618520826	-0.233182893845236	0.531238332256797	-1.27459067082566	-1.33915142496660	-0.115761300361171	-1.08495930602756	0.502255609330929	1.29189368352393	-0.193837301040487	0.768749744475360	1.31716388115063	-0.690912668997154	-0.492189112885560	-0.977261942770602
0.601616270175134	-0.522583748247795	0.358357616501358	0.816143020758849	-0.212050991908678	1.25899190432323	0.930683142663055	-0.504675029155401	-1.31274120587635	-0.570235374902090	-0.211539091908617	-0.816779682260605	0.223730341959635	-0.745568139121587	0.702328717254094	-0.391642282706818	-0.692477830661124	-1.08662705296290
0.467758489317554	-1.18376063911416	-0.483586004932858	-0.678291655193159	0.317077149547803	0.733160958594189	1.19897937840676	0.495426698050557	0.502756134601559	0.766155284166147	0.290912723491478	-1.03441490775386	-1.28944221771226	-0.132260856403121	-0.520343173647346	2.28105422210010	0.396628329787130	-0.410582960359970
-0.999002413230037	1.81756471113536	-0.405645332981603	0.974506720343713	0.462249474492796	0.644224361409423	0.354269755901501	-1.26914429020430	0.427554603325615	-0.990305009121577	0.338278095587075	0.114370157777639	0.931711061413445	-1.03952130652172	0.0710507211843550	-1.83352160972588	-1.10936635124829	-1.70692588615257
0.298581091291968	0.747470224599488	1.14844764442402	0.914003240125034	-1.39633533239007	0.121403063375380	0.674040067922013	0.347469663577426	1.10558136774569	-0.321956923286467	-0.0831900617292566	1.07320776996136	-0.0823422091297624	-0.390849357123600	-0.0557529199074292	-0.638887248572869	-0.786929531732677	0.511009544458820
0.997429403473307	-1.37782023198315	0.375894025978397	-0.710054879695467	-0.236621499582086	-0.909451809306694	1.01890020575876	-0.410474697771542	-0.400645282743985	1.21521326365507	-1.39213222493734	-1.41995852765161	0.0452745480593304	1.16046654760040	0.185224668694602	0.750493699749233	-0.670411610739714	-1.02117368830138
-1.19104677507585	-1.27740005966189	-0.742714815473345	-0.574313226703663	-1.22663860365111	0.319547352953491	-0.772479112397866	0.191162448883981	0.513660130831559	-0.700927318391900	-0.728515774102970	0.737244195769608	0.757411039148250	0.802057094204010	0.597779163127696	0.729396951064820	0.248623074593358	0.954097045464491
0.410808960948200	1.55179744145740	0.849037271766039	-0.885680847338360	0.499654803105165	-0.217847688213892	-0.590573619485777	0.101043498678809	0.00816999338685142	0.460025613204777	-0.144110022509570	-0.933614665894417	0.821922902272969	-0.232499646768666	0.979129445106553	-1.78821780905591	-1.22367574885209	-0.704529446006419
-0.207244931183551	-0.942451139062085	0.287092649679739	-1.03709179099795	0.441604464792840	-1.07971880216090	0.308548834531272	0.225593246898846	1.21179252340965	-0.335886489632996	-0.459898828671349	-0.0434657174004482	0.845324547969090	0.838869259463658	-0.213667999223103	1.32553867500162	-0.649581681729087	0.677489291756818
0.691161070566558	-0.538714285627779	-0.894209063074632	0.288124316802494	1.09813584844707	0.0694103559376170	0.0264558506114898	0.113685310893007	0.508598227814892	0.404102479273609	0.597355488999769	-0.841306235714986	0.614803878252377	-0.102704142153571	0.614747163215575	1.04361517132542	0.307137925575868	1.11492246704375
0.0827110931569756	0.817491751822145	-0.379962262202817	-0.755580176262328	0.232603581622705	1.18464453377980	-0.608734892252907	1.20301826521044	-0.526577907657354	1.58265516448944	-0.776038516777319	0.462942848542587	-0.348590039084400	0.507132492807489	0.131013697276010	-1.73912678983470	-0.382266828794751	-0.992403797235792
0.432182586489676	-0.728762158201482	0.195863244653666	0.694152263397079	-0.235662115852958	0.420868303628050	-1.04371715163571	-0.337711819831513	-0.128407793531949	0.587819659391197	0.292318454718684	-0.607686495372361	0.616526224266582	0.165848734317157	-0.830859983335712	0.792886061061017	-0.458207740563150	-0.790360683553859
-0.00988397071215124	-0.535335192445936	0.657959844372709	-1.01912790727436	-0.579427988584412	0.983178316115783	-0.428906633790562	-0.290264987009734	-0.615076408388211	-0.187197272442827	1.06130235010622	0.774098345709441	-1.44126346632130	0.0802612190793395	-0.450468016315639	2.62319355997466	0.938195604972243	0.311954530298175
-0.337947971281339	-1.50600840890396	-0.645421144521389	-0.773813333271251	0.405038220645681	0.938833413448505	-0.292548265968922	-0.540590981251098	1.25912607940414	-1.23680381325595	0.126620520094600	-0.843035245608083	-0.256740924075906	0.130414209860585	0.476377743126737	1.72502918151882	1.31919211377093	-1.05337370330525
-0.995774677178752	1.18542727925611	0.0631774086017902	1.18884570302587	0.234946571855431	-1.00720506577045	-0.423182910087170	-0.504076304186820	-0.666108148918009	-1.18744917103630	1.16271827980217	0.0726109685520449	0.414607574448010	0.311600367571312	0.510597852049300	0.637885004217690	-0.909857923858523	-0.653346218470648

-1.13346244818907	0.773870726146872	0.999104448224752	0.415619804760322	0.522122251873604	-0.734945333695451	-0.969096595836979	-1.03004484263403	-0.0596653535708644	0.544197604578781	-1.00809152599976	-1.01472639326380	-0.201745078353148	0.0946097739495521	0.0684737504535665	0.539608036552436	-0.355334072968962	0.482230392195617	0.298380808164463	-0.190418439649190	0.918383713385458	-0.127865922259201	0.195586804244576	0.231188288713224	-0.00289133359540661	-0.682168896336364	-0.161644212986106	-0.170693707674338	0.354261201488636	0.0241148796704154	0.203579045462851	0.744052912038575	-0.128299923095558	-0.709739963279187	0.0417422214010566	-0.192581586451747	0.462972944191713	-1.09115446944556	-0.530800412253315	0.440615606398368	-1.08535324316435	0.958247480554409	-0.673232800826616	0.538080960710903	0.626854413703350	0.481365056587054	0.0272892899104302	-1.01817392192122	-0.194127668278567	-0.179770145412902	0.0365279481497029
0.516131388332941	-0.927615931159232	-0.0384105006846379	0.951884280048822	0.227417692590610	0.101777552020923	0.200441369622773	-0.298730126005776	-0.942946261268501	-0.589007818012754	0.383745995731638	0.138386882427361	-0.184803262546714	0.471616270140652	0.808719694509664	1.06354153393487	-0.602106784734138	-1.16058496049404	0.627463784808107	0.119216617147316	-0.161466746038160	-1.00062709869813	1.04714224840510	-0.0441885664379353	0.906832786077869	0.0642397534211527	0.710653962718754	0.694269536255366	-0.721697846163855	-0.918676479656256	0.217608542882294	-0.203059974791834	-0.0859064282035854	0.00554491289336786	0.498714326871064	0.667738925207497	0.661650622104423	0.896740708710401	-0.774069793825583	0.875817761994758	-0.522800665711656	0.585338007019218	0.735180999002308	-0.644747031960668	0.827980234631611	0.744165084341175	-0.109751652597346	0.556214317310742	0.141612132714177	-0.448279678762017	-1.12927551177709
1.09062757425208	-1.56797754750374	0.892967382416585	0.0346570641663850	-1.77218443011450	-0.880845261495298	-0.371469328072038	-0.338315732007938	0.801741508859677	-0.470430809612185	0.525911203376197	-0.266298082164067	1.18264307390200	0.493306822864239	0.861959071421684	1.28279894038985	-0.624420642501028	-1.11191643681795	-0.530645788601165	-0.658118316770085	-0.847973588864820	1.51088114198958	-0.555997117835339	-0.454701058883660	-0.682126068220302	0.00745012536430513	1.05415549387781	1.07593690814818	-0.00834051594546935	-1.16466412825808	-1.02966138744419	1.01903003744803	0.663301757573708	-0.729777346066604	-0.723123251422499	-0.0766808133135398	-0.0263343815590430	0.367416285914051	-1.44094875262035	1.08062112083859	1.29318640749677	-0.814649513393202	0.225371022396992	1.44198669465001	0.659092916813005	0.960945595985949	1.28601063095095	0.106646120558851	-1.11782208297397	-1.90304797247656	-0.962453124008874
-0.856780918726097	-0.285169656898804	0.308537143901268	0.530040533739763	-0.807022303414584	-0.737802392583899	-0.951352401637496	-0.215190120496624	-1.08627543402246	0.418062104003623	0.344766676245698	-0.687801769414365	0.831861267966678	1.06983529267253	-0.995184528955273	-0.0342001037214861	-0.570424562478321	0.608720239619535	-0.845098732221371	-0.398366333829778	-1.08089681232420	-1.06883908713806	-0.153185516318703	0.378933798620229	0.305147280410493	-0.0365226877315007	-1.07734596866509	0.0917380585779808	0.0294220484192692	-0.380443797411369	-0.199984174062969	-1.05435434263015	-0.674553096298555	0.173617098959795	0.123359434009399	-0.533806807989783	0.00227656929765875	0.317609550251599	-0.417528492534656	0.725502077159187	-0.873437929949002	-0.383413634491225	-0.208601609377139	-0.720705953456572	0.807074444530479	0.886616700106564	0.852358633378434	-0.949813865170588	-0.659921190475374	-0.535813821630064	-0.222900672973401
0.193745582141839	0.417652240268882	-0.505604143176585	-0.263119771708675	0.0308984806531022	0.0581866860280347	-0.313340763367127	-0.146028809653448	0.0990450963512500	-0.710708263268258	0.590940317864241	-0.982156194645711	0.328245079593852	-1.18217286491863	0.876672815628545	0.810262603720690	0.780815357966435	-0.663524148278908	0.752929270658149	0.127844000636834	-0.603902502064937	0.0338590950704611	0.791427839790024	-0.672217519668766	-0.634951856597427	-0.272282475839410	0.177059867811750	-1.01855049309767	0.137419029593345	-0.389953238935285	0.510704663496441	0.960815503046116	-0.629591786763532	1.06617705142438	-0.732309425142840	-0.772916915686873	0.535290251820614	-0.188081477654453	-0.310516584142808	0.224708946440788	0.112014833526285	0.0652431931743839	-0.366827335442774	-0.776803466769400	0.603844971045174	-0.754923767410212	-0.0720813483502081	0.0146227428597539	0.896932019395345	0.231639216958069	-0.808125462598207
-0.847364947876257	0.945479120702496	0.293982010474477	0.898694642786135	-0.898620504899048	0.128571622087845	-0.575250281560252	-0.235970527174748	0.926491955493284	-0.174436001839850	-0.307806448955042	-0.926491898152884	-0.554333552728945	0.970528796127159	-0.815253343419050	-1.17199344883454	-0.444154243061523	-0.466711218869583	-0.745725756223204	0.782588788189324	0.775396551290351	0.833622596419991	-0.757570279165387	0.424172557698976	0.712055218833512	0.0524666295831781	-0.959574446451915	-0.524291012734685	-0.407776098158967	1.09268905305355	-0.0608810992405239	0.700843068601602	0.852193912512993	-0.0686977170797616	0.731802524080483	0.127986253047629	-0.661767296781465	-0.786513560797727	-0.169779227689335	-0.906822113245806	-0.136153092713151	-0.424893644908218	0.00935806006782700	-0.247285080623310	-0.0737600393810601	1.02241772176886	-0.387115604058241	0.728830617683834	1.19473291108902	-0.625554626330724	-0.108494866497678
-0.434483353994971	0.186394626728297	-0.312074133607205	-0.341717138195448	-0.616226100192035	0.725129850872776	0.914497561572141	0.885015927914911	-0.237392252896680	0.737211123041474	-0.441026868409489	-0.426740981733305	0.712766636284660	-0.658263600904488	0.710748241618936	0.300952689972327	0.146566072994169	-0.249223418901449	-1.01513168887337	1.00008267169168	0.310314981370281	0.866862627256714	0.205390285235765	-0.234466152896178	-0.302111501397226	0.688825227429525	-0.629607103775523	0.212429497079963	0.845496908207258	0.955383798557150	-0.639107130717055	1.06754961719676	-0.595239502590388	0.655411208531499	-0.548607352027700	0.999388581466978	0.969908364537818	0.719379435774634	0.965961705063877	0.626238596897821	0.466840519030101	0.371674030622177	-0.787831458927752	-0.929523743606886	-0.151509606186201	0.854044167402794	0.941391371045291	-0.0900018284216776	0.900051171663284	-0.857028406113159	-0.986635604261206
-0.845807163705498	-0.972873390323018	0.984073420147770	-1.04711577290345	-0.546480943428777	0.559027337781153	0.299938913731920	0.272497043307109	0.408854078712846	0.798549684880846	-0.336224451680476	0.915390111614344	1.31240218556204	0.928664733601788	0.287320875076059	1.06688448075786	-0.717464964304528	-0.241010876044664	-0.551723510835668	-1.03083969672771	-0.398890431508820	0.358222018185587	-0.698248537790516	-0.294144184810428	0.528022636488362	-0.657025766683915	1.06685667969712	-0.827534248307278	-1.04652559252425	-0.261801396211928	0.0486589754069244	-0.398346146994946	-0.844118241153209	-0.156894899078629	-0.514045948354934	0.931597486387194	-0.611437695556059	1.17851808349095	0.187991020087869	0.801999148548146	0.756297106970704	-0.500494477804951	-0.0396820660568474	0.380052037741107	-0.870098935211009	-1.10392198374087	-0.231290499134961	0.617071357262542	-0.416805142289157	-0.174827712701785	1.06235586541498
-0.606374923442213	0.0786921742142236	-0.0813031833568358	0.589680804191530	1.06406499137757	1.11176253937724	0.667793527556085	1.20741544659561	0.641210351396471	0.431492452210882	0.467843133988424	1.06658457771273	-0.969716659982670	0.197080666012032	0.762501413892084	-1.26751015943215	0.564638317105099	0.348720161606216	1.07679064203423	-0.915831021702994	-1.08926095710646	0.368974033556198	-0.0918947056337674	-0.167323713821339	-0.301040328993084	-0.193119864370337	-0.979972028027285	0.780543240717624	-0.330885016876875	1.17579372187248	0.843766941185371	-0.355634446756737	-0.204963435673254	-0.475260930708110	-0.498341158796767	0.664499493367948	-0.609393954262110	-1.01553134109829	1.29722269353040	-0.556781427564364	-0.747177219826018	1.56979586768516	0.245459836640121	-1.07872109525729	-0.496819476194193	-0.437662062389559	0.316438112214075	-0.0576155561068720	0.626050665728551	0.00126845902548275	0.0525065903579308
-0.164218187079176	-0.914210180189849	-0.835379326564072	0.822557903700318	-0.520692908056620	-0.0901940491159276	0.291273557839445	-0.961525832219004	0.802764380254121	0.596520140964097	-0.704071752961345	0.245012760772884	1.54559565255063	0.222186885371155	-0.637741371866518	-0.320498838186223	-0.741595078095626	0.0346627977007469	-0.820494557584811	-0.00698027299215992	-0.405065783539427	1.06273041102471	-0.574434009341346	-0.767139095737694	0.617695773937592	-0.986332330464153	-0.303849811466308	-0.195669594530180	0.748022593035195	-0.240317954021909	0.806349765027070	-0.108738457731717	0.321743151041230	0.198886592558735	0.607382342587125	-0.627199034670214	1.58416081840641	-0.472855941550080	-0.540520871055827	1.14879460003153	0.0805803016338243	-0.704983899594646	-0.0560723948895064	1.41812133324296	-0.594908323010653	-0.677731973346277	0.744520363193749	0.495269463812258	-0.228638701597089	-1.39590491407432	0.544738153140825
-0.901401717990465	-1.13785638164172	0.344685805218431	-0.772210799458911	-0.614432089350006	0.0903206136767133	0.583627260112405	0.525132253594705	-0.706901064395384	0.965751338762154	0.605899094312090	1.01119463131087	-0.166906150571917	-1.06158087357881	0.281444732522126	0.356481847152194	-0.336633123296734	0.207872199690346	0.159783594128704	-0.966931657039732	0.498452544356312	-0.147077089538411	0.266871278034219	0.741672250902799	-0.800317832885307	-0.436828194763223	0.739931013771965	-0.797059723957753	1.03789699069020	1.00217880564171	0.828467381480871	-0.993232750885276	-0.786601363241258	-0.308721909647560	-0.106891793809403	-0.0539430671958091	0.747895401113563	0.844594975662500	0.262233215994700	-0.601494958517224	0.810492890524260	-1.07341291078363	-0.614553507067692	-0.462120873439701	0.676735490330080	0.138501238277013	0.888462405876886	1.02460850584739	-0.687314241637268	-0.0513971462191906	0.188662750681342
-0.627770354255127	-0.278592275679114	0.0165789584424992	-0.197272957501625	-0.202069153894483	0.194003717955601	-0.189566539140315	-0.285107096726843	0.177033730245913	-0.260841245929804	-0.119454398029404	0.378636843656115	-1.10678350118318	-0.127556658520698	-0.865820341687833	0.183004965677092	0.739703688215305	1.01618129875749	0.932741458711654	-0.501862515747602	-0.478195362848291	-0.728794689766138	0.952998042804587	-1.10056727938575	-0.787836774721517	0.683714142153714	0.454711181578363	0.915454972879219	-0.967899641272255	0.970649812853694	1.00613481897699	-0.468475330516389	-0.263758857849043	-0.161074341795493	-1.03413483728823	-1.11445434627555	0.262828211636383	0.334247391535016	0.524538890997261	-0.0377864356215082	-1.08390846854459	0.668563859882926	0.933037681254898	-0.0978631412105794	-0.515852397972834	-0.696625568436820	-0.856815226277029	-0.340601672793690	-0.462882691968365	-0.319200495285386	0.671116734831576
0.977064173305778	0.354093117013839	-0.596162700564931	-0.866133908980797	0.795401836386524	-0.832692388855465	1.08932286003438	-0.0962092690792225	1.00754247934792	-0.796175521250957	0.515539068361747	-0.532476239136014	-0.436460816700923	0.664670994340999	-0.0537422081306319	-0.945336477949540	0.807696778650992	-0.281294982260695	-0.366950763689684	0.414116588400707	-0.658455947347745	0.266007463310709	-1.05485240741649	0.958984615631346	0.331067869887243	0.401589695815698	-0.928749655395405	-0.646511482026156	1.06073696979981	0.487669003867454	0.604608486302832	0.392474969537834	0.443849826114581	-0.425274388337777	-0.637945260638029	-0.383905130651453	-0.484302603685788	0.283926327096368	-0.745086197615692	-0.155687734744059	0.594033450834307	1.06142740560227	0.0501764338411308	0.727279624962381	-0.452585392425654	1.13248920971145	0.846197291657508	0.289349669956352	-1.02819263663925	-0.465867960722302	1.10299094912449
-0.377865119813787	-1.15869431275671	0.591849322887557	-0.212732285505191	-1.04321148051469	-0.917983194647515	-0.947751428715076	-1.17665363938802	-0.531549367118462	0.476486662763546	0.981954712008256	0.530469851836469	0.720089732667878	-0.461006873559824	0.365226974933060	0.947423394582296	0.562400318603666	-0.847328165368271	-0.791895081645559	1.01965710208420	-0.305639918573270	0.118202113745239	0.562742328697410	0.145545618384969	-1.07206294385730	0.809737888265211	0.906245694456519	-1.12728038482979	0.689489427173984	0.166056593608893	-0.504517278022099	1.06067866422058	-0.452987294556854	-0.141443473660219	0.383387944726857	0.472194548219443	-0.00838094527828585	0.105303955110196	-0.112338288023471	0.932128052777550	0.529824054536294	-0.545462532677759	-0.207391603695067	-0.280115365285052	-0.759748240611665	-1.24006423217252	0.496814417771771	-0.0276354243065696	-1.32274934259736	0.714304772642720	-0.302867096145693
-0.163936573764725	0.536197406083684	-1.07825504215535	0.800230152180703	0.00504348237259669	-0.228175299329694	-0.0444757501101944	0.151854964010344	-0.155906274408470	0.739167645151497	-0.473319616120461	0.829516255040435	-0.167060269886268	0.304217075582648	-0.940704756501024	-0.165619861606223	-0.677451968145151	0.379835857186615	-0.438042488099220	-0.425953418211844	0.810828160011397	-0.457998381247160	0.418640565692558	-1.10573096865564	0.918251587899059	-0.949973871877614	-0.474853164725869	0.261987292091869	0.990251262753047	0.827535271304886	-0.886563054952341	-1.07926892542495	0.720519322313321	0.352957249656621	0.839664817512560	0.540917766500263	-0.480329602274333	-1.16635426722602	0.766711476017960	0.446354529265089	-0.553074612761444	-0.307427766322062	0.616798837885681	0.310865574534957	-0.128334029158569	-0.304834301131090	-1.27954554648281	0.626849626228821	1.05444655817458	-0.0991404610337794	0.736340286882948
-1.01242050458489	0.914050890026384	0.994582761539271	-0.355391427968058	-0.333613729720195	-0.174012618688074	-0.0599436962481139	-0.301800503585853	0.380734612933021	-0.715440192796273	0.448436179065626	-0.906799377614775	-1.01215970922350	-0.537637160821297	-0.0205387102029535	0.895027479828318	0.801443778491816	-0.132046868125115	1.20290989043848	0.686485642074613	0.00270817968973269	0.632505159627809	0.866699715623347	0.242494057342036	-0.194563800690124	-0.0229940025923905	-0.709788603033965	-0.0483452801320315	0.123256425551338	-1.01137774254536	-0.925762384830981	0.644213245912106	0.518858998079645	0.00931034275565543	0.346247244594387	-0.268521074400285	-0.630946165362497	-0.749779867983545	-0.791389277354698	-0.657223875378761	-0.573421949892476	0.616864958192510	0.392026331717726	-0.896618888600758	-0.670092057244098	-0.900669712077903	-0.521874460037285	-0.0783872942190145	0.485753174011618	-0.865689108370615	-0.514869525283944
-1.01803753017296	0.765867373575062	-0.692142805167170	-0.373935796422696	-0.166793359891789	-0.242866800200199	-0.473661995107103	0.777624726690568	-0.206827113500901	-1.01450213132018	0.361157280239801	0.505799703999419	-0.984909139183953	0.359899976233687	-1.10074377297615	0.421968135868962	0.175661598965789	-0.245658566514524	0.620138228162504	-0.862958418390577	-0.932047247050973	0.523570938895815	-0.737124083059809	0.560703948575436	-0.575387110600145	-0.110713399646136	-0.170313052470834	-0.186078134761970	1.16778022403083	-0.228570799820559	1.15747064880476	-0.833567275571723	-0.259232657523433	1.12019503478868	0.654208093948575	-0.139420043034629	0.575655907167623	0.909684827995780	1.11227294721943	-0.0944500637040437	-0.0942363385023255	0.0578412269068407	0.291012448728436	0.212426016929954	1.29479585201189	0.336239103700684	-1.11879151092880	0.497183947952545	0.873380803376584	1.08840028941614	-0.151386698253804
-0.595981281850244	0.766895725943818	-0.717440406921822	-0.239301983671529	-0.0978941811088009	0.850223597135011	-0.146976591839174	0.679679450961965	0.0211579291980766	0.0228203608837371	0.504566903726934	-0.358281899179821	1.11705492353597	0.531749882091459	0.180332688508907	0.324201948699752	-0.694245223457550	0.325685935303955	0.285522340120540	0.854613596326757	-0.0767188036714852	-0.362385833407412	-0.880794594650861	0.693912341296886	-0.408151553435061	-0.321993645169488	0.944950380622236	0.885734169244371	-0.351920902730293	-0.847783108325497	0.0603841955927723	1.10646544531710	-0.564769133523456	-0.641968636395757	-0.504209566446400	-0.465371434464073	0.161313512786317	0.938017658334508	-0.791574525376107	-0.569726750488302	0.450786158070131	-0.859409961402730	-0.883524931707640	-0.0891156791241713	-0.315774877861721	0.710446790737039	0.836452686262231	0.528321870499298	1.04711240629496	-0.191388290553913	0.996285274154670
0.695218815175607	-0.792524600578979	0.425283872681126	0.477246261296543	0.555844693957438	-0.411998370114285	-1.00496461092746	-0.353722247000789	0.639511100113657	-0.898106155402417	-1.13381395119937	0.252146171869648	-0.126816890020454	0.487120283777573	0.202467723961000	1.22443355633369	-0.786334687655864	0.421129855902423	0.638163233664739	-0.593331584287589	-0.518146239962566	0.376723135961307	0.411972848993485	0.641957392413240	-0.949772571549359	0.902345961910155	-0.0208519923604125	1.04800844086012	-0.692833741347033	-0.492451476992810	-0.799007905994859	-0.437937594857937	-0.194613775594622	0.144284406791864	0.561293554327243	-0.907531173927719	0.538983421491240	-1.05828907038703	0.851927709337561	0.416406195845084	0.954553634310492	1.09956168747425	-1.04235480218728	1.15909751123045	0.435338078750077	-0.570633777302888	0.964862580389730	0.654073213601005	-1.03841136433575	-1.24833880390538	-0.503838545174377
0.750842381693539	-0.787255703698944	-1.11197482996882	0.295677610541111	0.491002998323173	-1.14330489192249	0.0429144349408529	-0.571969487272876	-0.898795763571275	0.256211531324754	0.266923538775268	-0.128531143875476	-0.781435771670905	0.241061941425238	-0.556491927212878	-0.701990011119645	0.778774845339419	0.858569136882339	-0.116778654192899	-1.01411618026360	-0.795932058297355	0.586727365670562	0.659492896022224	0.0260513147587563	-1.06305740000211	-0.756513363542984	0.0807586504964968	-0.121375249279149	-0.982194040603050	-1.14285566054153	-0.184841767093026	-0.569238721870911	-0.829980046985032	-0.0717650964304786	0.741406054631051	0.161825053598274	0.874917491158441	-0.0859085059104366	-0.547133965811567	-0.456488819578384	-0.163243683222724	0.0134957559705784	0.248557399501967	-1.02577362963425	0.751214057492271	-0.0236201758123502	0.588920089676960	-1.09271606949745	-0.963567727407212	0.926885916667964	0.680590432571600
-0.725706674156151	-0.977034520871076	-0.343924294718057	0.850073798252814	0.598056393570989	-0.125350265669698	0.738453812531509	-0.539584625220880	-1.18525770044199	0.972193013731271	0.910015807270917	0.745613350260111	-0.684140996353810	1.24176662032381	-0.496274840905014	-0.548124703833795	1.10892230247006	-0.380316783681830	-1.05302975825027	-0.410333260549869	-0.384848483796798	-0.890274583544905	-0.665474722251437	-0.0626190712923080	-0.773108535298325	-0.288443881779727	0.702004374263159	-1.30899129489041	-0.494711306658765	0.540779160106986	0.595036383955768	0.357917115395477	-0.973009095662024	-0.301849382649269	0.662803443806905	0.604081774203867	1.66159576819107	0.0402237618818686	-1.76236926555851	1.64580898040253	0.0811828243933952	-1.10054435398261	0.717015356245221	-0.533093114004636	-0.915083932756047	-0.504413475999336	0.866724944796114	-0.979882378987432	-0.206916856003887	-0.404375759714812	1.37668654533031
1.02767223590686	0.0572109992848190	-0.593171370893001	0.573199387550937	-0.315510994079690	-0.279325749952864	-0.677121076779852	0.922721824978696	-0.360698645993765	-0.0331824866321281	0.276559665934228	-0.674661393707296	0.581260180058635	-0.626913367026976	-1.05206148211885	0.783593015345334	0.153667148413413	-0.299570486775490	-0.705245057146849	0.224217604943961	-1.20155661574371	0.878139962518176	0.267046569674517	-0.0988616704979537	0.552980488201958	0.960638680799834	-0.906065987234668	0.699210640807286	-0.553814649529849	-1.10001295492925	-0.941829974548460	0.302066017184023	-0.784339576464978	-0.0840285740357756	0.552372413262176	-0.587144959277488	1.10866110174857	0.845361848795769	0.135864922319113	1.00281801790990	-0.795053299256230	-1.14391141719918	-0.360353083548466	0.788869757629532	-1.20439277994066	-0.763322109194628	0.504067146770584	-0.0157640597595854	-1.34137809493070	-0.153611013028622	0.786203100774094
0.352156315885073	0.938430492849425	-1.02726952650181	-0.130215691089310	0.515222819354899	-0.786186650269928	-0.800194150179607	-0.0770062399590346	0.377264247226504	0.0259339354669041	0.535991808280965	0.264870324529462	0.515936043008674	-0.697071557975834	-0.260269875703924	-0.410802485964316	-0.376100888027152	0.979734896490625	0.615007881495438	-0.855122011386195	-0.225403447716527	0.402191250653971	-0.524683944317860	0.194239522618333	0.411970499125464	-0.962734767691092	0.758578117070745	-0.992760344461307	-0.317598359475851	-0.198001108098281	-0.462744673971307	0.725252740525667	-1.10568091970127	1.00315146476704	0.783874376658109	-0.141031843953850	-0.247872386733978	-0.0454845510214739	-0.529714794680334	-0.0165179090712232	0.0538509758849129	0.777965800183089	0.410839308741145	0.316052354977636	-0.440319371043018	0.494991527036402	0.317892504452334	-0.506029974217940	-0.955433421299042	-0.0955365034585964	0.649939469176664
0.850317204425314	0.228537478897882	-0.768458585714966	0.218586322838873	-0.965749227027077	-1.02580076944683	-0.976188279498983	-0.349905574397590	1.07033245803383	-0.882479800961114	-1.06097580951399	-0.337297717436454	-0.890928346162522	0.780244694333979	0.665551341008836	0.0429146979138476	-0.567903586752040	0.0963015304915383	0.394474010163524	0.908290523318231	0.297723886517624	0.791187716386278	-0.993644723340542	-0.893344906957125	0.374865626729552	-0.395275449424253	1.01413679587894	-0.805075863393694	-1.10943520476031	-1.12398240457213	0.587348600614042	-0.400615293552017	0.894401799243655	0.726371469392187	-0.117075273494149	-0.970754647245576	0.395109405198700	0.0513257615587858	0.373451618482719	1.14988810733950	-0.0869317368118236	0.478361319046453	-1.02423778753452	1.13514515009119	0.446023804239608	0.694912747055538	-0.0623592091366809	-1.06562247107047	-1.12872911520497	0.856339024037712	0.279862781545472
-0.112075348777479	0.00289389845752458	-0.219735989118353	-0.992765620252733	-1.03530947496420	0.847213200965768	0.659970155202937	0.559789516402299	-0.0678310911633552	-0.0639240767191481	0.604748882128078	-0.0971365663740710	-0.870317941092052	-1.00567668644536	0.155913021991143	-0.337363320147762	-0.175674340057973	0.888446507642820	0.352005059610428	-0.416400993121247	0.639421579638589	0.906591439175444	0.782629643252795	0.0439368861485456	-0.287560257362962	-0.824466247487855	-1.05149497140712	0.434564340756739	-0.468191548831865	0.340508780805583	-0.467217923333146	-0.548738806446210	-0.241269012862632	-0.834424749243004	0.285040053067369	-0.956297253684002	-0.258739106875114	0.557391788363763	-0.995221209377191	-0.300467478212486	-0.723398906286466	1.06022528999328	-1.09807256721720	-0.0682317815762232	-1.11809852343823	0.420157669071172	-0.623843145342329	0.634547855885652	0.521890848611090	-0.665857541975079	-0.551556937793401
0.123101555499379	0.867948942846191	0.722827985248411	0.127497452866134	-0.155061790663891	-0.406942146315268	-0.701322444823981	-0.238005414595569	-0.804978126021313	-0.166061396851429	0.374098576540945	0.0272381163152424	0.888698903219849	0.0918599128040619	-0.198551342448035	-1.05361184393074	0.423901736633208	0.979162738784899	0.115045039216116	0.0596303091159991	0.708511168502904	-0.220302166618006	-0.872992945741674	-0.529209898616823	0.0226745378089217	-0.832995495878759	-0.913259328322956	-0.778031552699898	-0.586005455239197	-0.345585376700966	-0.899534933015131	-0.540551566554384	0.720122906539443	0.771499156252170	-0.968958088330486	0.0737886973851581	0.837938137860458	0.319855803658779	0.859134792293895	-0.874901307266339	-0.687470837564392	0.752034654159070	0.0744478536069490	0.0416854108618484	0.188674536176839	-0.863268467659675	-0.496721410955613	-0.894635348413153	-0.872603769851992	0.487493918236916	-0.424332002241062
-0.556988400169720	0.742244910925805	0.705993233626325	-0.0478186414917621	-0.174559354962218	-0.567650577799686	0.785086063891032	0.934908185946852	-0.140160073491330	-0.560305938277825	-0.802614595821750	0.415415429000508	0.338944158428503	-0.823346228648614	-0.786238301070797	-0.499458524222490	-0.616409248120575	0.781783433926761	0.888850095349637	-0.312750339705811	-0.650338159883112	-0.208453135544207	0.573447061317746	-0.571007582486236	1.07155804120557	-0.746098179347871	-0.472925780039238	-1.04432146148556	0.178110072134862	0.208697690931099	1.04621475156043	0.0259614838462034	0.577454074686081	0.621655932183594	0.947040485317454	0.432579488657736	-0.140102719438315	-0.918598540991005	0.575093741060109	0.760500146213837	0.871372327314296	0.666058186425740	0.866896888273311	-0.368135513832826	0.229073545474223	0.182862781367056	-0.284279925166294	-0.455250918064928	0.558288393460302	-0.624059777767120	-0.144886034365320
-0.970363459214631	0.354940531549154	-1.04106152616911	0.785428426910677	-0.0561233295599071	-1.01266185198732	0.0231159568225578	-0.700013643332001	0.975516521900147	-0.460325405703596	0.0567429930481191	-0.577336858260640	0.181615153291947	0.218623516469604	0.0313342778644385	-0.547436035652403	-0.0719395788889890	0.398946064414339	0.617807502025526	-0.528235093058935	0.104458599060352	-0.900712804015689	-0.834632209345336	-0.460219287218694	0.607611480831980	-0.892271503139305	1.03017027762646	-0.956000232590175	0.797484839512210	-0.165397877563919	-0.738895397770368	-0.618139773548048	-0.230191267841406	-0.344175988165934	-0.198725730140710	-1.02541171626533	0.674736908197393	-0.859060716476406	0.790908949385070	0.428999471803298	-0.799196692831510	0.578120557678194	0.642542247413965	-0.171419752190609	0.361562080405286	-0.370785230384832	-0.208477225304957	-0.355213806395986	-0.810083613463265	-0.237121689603001	0.206513298992946
-0.519920416583614	0.375092586724764	0.497487139384403	0.778472088831220	1.02944856437466	0.233563697350504	1.01647354149607	-0.287912739374790	-0.289212974907275	0.556912156924390	-0.615599673892903	0.476143643673906	0.406273624495465	-0.454622969688624	0.467426817640144	1.08220597849285	-0.00529272487184158	-0.418278373998765	-0.379776420932068	1.05861127922805	0.0546685935043319	0.931528643439034	-0.122856178267560	0.706478637548354	-0.197263034455688	0.0704401963861316	0.261926053424577	0.488921505110471	-0.535513885822519	-0.765999569411631	-0.247253804433809	0.362129802791072	0.714430021654050	0.522558626038053	-0.333479297152910	1.05104558995102	-0.233683272325339	0.356873537822497	0.816320371354896	0.252208872215563	1.09267926681117	0.887209861684378	0.655875424873126	-0.245192143310685	0.183966882153419	0.184250569743731	0.442998392525183	0.693810683445657	0.254913049611316	-0.783391870492220	-0.175346880785295
-0.816298116877986	0.602350646878781	0.777870283448613	-0.0962372210042126	-0.528866589366150	0.0165958601432705	-0.958510716518479	0.868788267274935	-0.383181523492318	-0.989804906297775	-0.00315798288446564	0.717529814251448	1.03277140361465	-0.995859405841993	0.777929385245837	0.884052093129605	-1.06297116325017	-0.0814425390555592	0.585381109271095	0.950910209341419	0.793817116362749	0.409398001341247	0.152932964267782	-0.322247534595634	0.950452864153272	0.582457717436257	0.389109003053882	-1.02333584039319	0.119533257256431	-1.06305270883933	-0.102226776286284	-0.446239074143769	-0.466312177549748	-0.965630014836711	0.247009591520045	-0.0604784052071333	0.972713909375334	0.980719392619270	0.503514644592052	0.833404979533173	0.317180344470221	-0.856624081276372	-0.704119429390567	0.770918442306928	0.297492402708506	0.764375429355947	-0.263551365806992	-1.13606723662354	-0.166584165261924	-0.481257671751285	0.370698943813536

-1.90150531014225	0.583679316059152	0.805640186446996	3.71221677208597	-0.389351890822856	-1.52028563995858	-0.612590920409181	0.298682437877108	1.36306228723589	-2.38409131106891	2.09857358826066	-0.121586039505654	1.40016718245018	-0.823966830185171	1.64186864069861	-1.05689994616099	1.35875171181150	-1.78712821203176	-0.586594467243907	1.40139889214139	0.374273883366931	2.01288050244983	1.99367323828318	0.238187796911825	1.15701780228079	0.298576262287724	-1.29133827992817	-1.04280824871004	1.09202371149195	-0.569101687505649	0.534662635375538
