3 8 50 12
-0.157629954124682	0.530423936084670	0.767915302094376	-1.30731968369280	-0.434927495811741	-1.58355137697968	-1.11241877921417	2.52343962514753	-1.84774736720051
-0.722922097167938	-0.281304941602524	0.0104110865836279	-1.07261589703491	-0.706277480181033	-1.83255429124577	-1.10931452337312	0.0470999121188798	-0.533057693115085
-0.0389584320861329	-1.33172220943437	1.08952394212512	-1.41327872237623	-1.63897763923418	-0.455438806610975	-2.03584059481483	0.439759830644414	2.07754773141103
0.0803454577436101	-0.882958255282909	0.0273592249077179	-1.87288861300806	-1.56948252520091	1.26266504396825	-0.240571070871598	-0.776562784867441	-0.707089517988291
0.578020711931623	0.158449565998846	0.374714111135718	-1.98224539124387	-1.39816846023451	1.19592096657411	-1.82627300620694	0.293162585090570	-1.38638946740546
0.753493977665359	0.786818892939936	0.0267255696854900	1.42747683621457	-0.723788016809056	-0.212214272471131	0.384874044463898	-4.60082148150072	-2.41671399436215
-1.51985160204822	-0.528573780179090	0.707743338068713	0.277468885385718	-1.15792879821866	0.0590291681609872	0.260890788443743	0.509324937480855	0.794685543941499
-6.47988612899913	1.00046304239250	1.35138600678283	-1.69616824441306	-1.22656463889270	3.55889360209922	0.513136232431492	6.73489334020508	0.282401740483134
0.367872615285674	2.42561539801567	-1.08310045773745	-2.26480998296530	-0.711631067377575	-0.549789549881117	-0.970186810219472	0.0449240726831256	-1.33845231874551
-1.45425958743721	-0.0557196598442807	-0.123728787249517	-0.383678636156723	0.0834568504965133	1.46735639916234	-1.28543899834120	-1.63707329350592	-0.563705119689879
-1.02715283210194	-1.09782448703433	-2.12910071132906	1.38558358279086	1.00989724262191	-0.609910173866122	-1.02956409803836	0.671349501302804	0.151416645869792
-3.35230662576453	1.98902278139374	0.159560465276139	-0.789522560767194	-1.30146044593098	1.65601068531720	0.992249909684992	2.62410344789424	-2.03093730748357
-0.579075651023284	-0.403482475130414	1.65114874560196	-0.944072278374395	-1.00773232316020	0.0716936804452058	1.30672345991851	-1.28892008585480	-2.26262455401323
0.205766664633470	1.61143940408131	-1.60179132050528	-2.56459476675050	0.200070815466292	0.0429568117832104	-1.54383353995621	-0.980145987667639	0.794197882272424
-1.95935799798151	0.301075759766179	0.807100595003895	-1.11953375867702	-1.06014474770100	-1.92059534354111	2.59547529222063	3.66573971066142	1.44245606599998
-0.336248769650001	-0.0359273282769540	-0.118422117585210	0.747478036592769	-0.196860391999940	1.40331919870408	0.817496981976025	-4.35387783637608	2.05855655761720
0.0156365063325157	-0.720787154154578	0.865673385226755	-0.818132490117131	-0.237077116038867	0.933908567288281	-1.32955608134141	-1.62822707160924	0.0158801128927090
1.06476625204636	-1.99763367852447	-0.631497758246587	3.45787095478248	0.0869033513957225	-2.59657448977134	-3.47233402293042	0.590765276818199	-1.61021642619491
-0.798150870470661	-1.06808045813880	-0.408110593877216	1.12753569622196	0.00847330884123762	-1.12925842301601	-0.652552281289110	-0.304196932804375	-1.19920524360295
0.333295811745990	0.0567625398613642	-1.82996920176224	1.68931247860295	-1.36468233149962	-0.162961490575356	-0.928464505432579	-0.0786498593722115	-0.471591499448568
-6.00216609646320	1.65080454892384	-0.0622245176109296	-1.26783376572423	-0.974121793705881	2.83331095129087	0.232674910338988	4.12174291080118	2.36321514493878
-0.734660595023992	-1.34024630999461	-0.859133757662191	-0.287558947249671	-0.183665539199832	0.301472251548800	-0.888970180756503	-1.12514048304470	-0.858318827818197
-0.966408815603098	0.677045544449187	-0.0556084953205099	-0.627745106072811	-0.605434377537135	-2.04676551216840	2.69265852971832	0.797706129718335	-1.21505735003539
-1.86397401334229	0.194429635595453	-2.11649088403699	-0.0327632095293516	2.10362646681502	0.276844841019466	-1.27502786243367	1.62373943141399	0.00367009694467158
-3.00705522679841	0.243376530863188	1.12059343295735	-2.51253401777329	1.16953015750113	2.80827691647595	-2.11607121001207	0.460056157622132	-0.711029126385351
-0.647093972931388	0.232098226296294	1.63768447388365	1.79394700336656	-0.854601614787379	0.394279865420075	-1.14880180141409	-1.48363263139126	-1.36464995935108
-2.08672671392199	-0.841828601268777	2.04933780583190	0.419046205673035	-1.53792986263807	-3.43698264146984	1.71296011231055	2.48755124643561	-1.48077707863663
0.123403757468677	0.273764699998893	-0.351990214308374	1.96307774519208	-2.16304197852295	-1.97023154330842	-0.574213992728297	1.17037870152899	-0.912202078570617
-0.746386344745033	0.0779188716785165	-0.326079381695839	0.835782803680755	-0.757118252423791	1.44448560602365	0.344116883187071	-0.918428280844496	-1.51099575458106
-0.399134511742759	1.82869402174033	-0.765143706623117	-0.115069295824743	-1.73755297531875	-0.246762532791674	-1.38706321077971	0.757890076398079	-0.123286357712844
0.673250729953106	0.868925560796906	-0.805036688722896	0.121971417503181	0.944240550914765	0.699575252471725	-1.68062597593709	-3.08186293243547	-1.60687174520223
0.111330291601356	0.630075070144791	-1.40245622882584	-0.787946526038978	1.29606503034584	-2.58590326942913	-0.838908860318747	-0.974390728643876	-1.79562284204499
-0.432213567539036	-2.06460191439908	1.38364067904445	2.44146450782309	-0.789390761289777	0.498626108882362	2.51882263155950	-3.20553605098678	-0.224380224380932
-0.594661345068137	-0.496559727426858	0.962301929863647	0.265368109232149	0.285336575487427	-1.12160643215662	-0.139814009250315	-0.821873220563370	-0.336079175198872
-0.146566291204792	-1.98332919722943	-0.942264702172361	-0.716086510977303	1.00869424442229	-2.80141321659894	-0.224086705003192	-1.66939608909932	1.39721507470697
-0.646108926330332	1.49893220012989	0.376601514737874	-0.578822512457739	-1.75841822698013	1.25936823619133	0.327464823295915	-1.87551036123283	-0.892100926058424
2.08228770074927	-1.65724146914934	0.517294880091926	1.07806786627009	-0.511671525736979	-0.967723539752841	-1.22987403624568	-1.16530237375730	-2.57746606868578
0.129101368771565	-1.31042120471957	-1.49661640795303	-1.30242698567301	-1.65339019057131	-0.0866386890949788	-0.131899477184107	-0.718283181571451	1.04200618480239
-3.00927049491532	1.14733582466059	-1.00561412357423	0.208453933848482	0.596677002603915	1.55712936977501	-2.06156524038322	-0.426709682026541	0.271683350599259
-0.937696974977729	-0.147014496492473	2.36073795037414	0.650677510310195	-2.40761770873747	-1.66664268224179	-0.102633231214211	-0.325415893283920	2.61694364736893
3.69068442469042	-0.925355683754552	-0.0275059264552213	0.766618954756466	-0.320555535652793	-2.47992338229156	-0.689136359247102	-4.23389187144713	-0.974149096567076
-0.948233121088070	-1.38449018118551	-0.722135336876331	-0.562103408967845	-1.22041770493307	0.481403276233752	-0.803928657770840	0.775759842882715	0.481065479656508
-0.822819610887767	0.201480490645599	1.81065598859212	-1.57198183081316	-0.634923157388228	-0.783973327212177	-1.10767371193710	-0.556886366489983	-0.673760695514383
2.34547728504527	-0.289623985654606	-0.499121882182950	-0.238087219581699	0.385625195670609	-3.86738870899749	0.867694156816989	-5.39747450383486	3.10439908414845
-0.638520169756767	-2.48711626185600	-1.49318833580147	0.826402520887890	0.628983315000223	-0.287590105212170	0.0686585116622630	-0.725151806877599	0.596004248532804
-0.175238257333533	0.440515219557954	-0.877692003656085	-0.219603173623530	-0.493707463356977	1.41099840367186	-1.41122410036779	0.645560453954948	-0.951543218759930
-0.0824534074224639	0.144007310282242	1.94419873501296	0.284425833667702	-2.55378618842994	-0.282942538181988	-2.09187348347678	0.897808488748798	-0.504551976993295
-0.421862843164934	0.136511097258371	0.989936439080065	-1.80582130300425	-2.38195203358912	2.21096807157823	-0.617332112649948	-1.18211747296632	-0.239135275481817
-1.58677225811400	-1.14486697167949	-0.0604209767321264	-0.0120442931085778	1.58771685848302	0.804220318380690	0.144190583194044	-0.470132362469942	1.27265845955041
-0.417126987948732	-0.186034301918311	0.948865284400350	2.41369311224193	1.57058693739457	-2.41792723318368	-1.17293267802643	-3.61617845100682	0.909348937477352

-2.39666037289445	-0.854850105496845	-0.00906398233187865	-2.07808694795251	-1.19575789694297	-0.673781708707482	0.307857382744458	-0.561102408836902	4.78448503617155	0.692870484500794	-0.656449187909809	0.202512106618689	1.38935007476469	-0.991881805322973	0.0738823723345361	-2.47803311135839	-0.667561472744688	0.170455804440993	-0.848286570603362	0.641245715306458	1.00392096522487	2.63993845488999	0.0893895855576463	-0.0289744601449462	0.141489854735390	0.940570781989310	-1.40745371736340	0.568073814998572	0.286518223163471	0.373595003239061	-1.31491886367719	-0.592013339320525	1.62224084506152	-0.132769425151723	0.0426049711008824	1.48293214139362	-1.73814814484826	1.61477157912833	-0.463728219884151	1.15626080626504	-0.407083759408169	2.29022772494164	-0.140425270175004	-1.16647910185980	1.42178078521759	1.32145261030752	-0.707497767338450	-2.50458395261416	-1.85626490722007	0.335025041656780	0.315519330251350
0.621841883709446	0.116099061395615	-1.46151364533096	-0.257109689980367	-1.74175041975255	-0.00736128699514663	0.265014203439989	0.295518466365711	1.52527697535851	0.263240257106490	0.605330227386363	0.0593882429791991	-0.266529714988747	1.16672951425670	-0.697898927535406	-0.699180709538989	0.867613788921501	-0.825891023345264	-0.925018246434394	-1.25584435355396	0.594177174712053	0.200353203547149	0.369731471365198	-1.28408711100657	0.615702903434245	1.80324719368621	-0.808366861895089	-0.711898460556153	1.89933851935285	0.929374894614096	1.22566967445349	-1.08943154983888	-1.08960192527744	0.701960217347237	0.434766081907712	-0.733095088414350	0.0396642924844067	-0.423253294414840	-1.85011159933063	1.76839314453536	-0.282340513323421	-1.77814344412896	0.384865896590981	0.518514045591228	-1.20082771444601	1.01431846080417	0.414020626432891	-0.409241221743258	-0.829539594918155	0.528692187842786	-1.01000806218741
0.0400823728439692	0.952846859276908	0.902396028897305	-0.769793602936073	-0.628930366874091	0.172575021594777	1.39260847427977	-0.662461064351345	-1.73375709006059	0.567925556865020	-1.07581034514710	0.565697217689842	0.718895425657088	-0.334054123855294	-1.07487897920774	-1.09256358139227	0.689404699913902	-1.63103336981128	0.705201871048864	0.674783758748215	-0.283859229825511	1.38510295015438	-0.535491473186737	-1.52127975714006	1.54326453530055	-0.0622698101883663	-1.63561097561147	-1.52083320054824	-0.636624301940861	-0.848145130464823	0.304280064648273	-2.44163588904936	-0.343905618150731	3.02331082515497	0.519661012714204	0.808267191020704	0.367970842243329	-0.0780945733582025	-0.258906065530295	-0.646921734159585	-1.59690857986297	1.36918454518646	1.03442633993363	-0.377988760213311	-0.230646320177181	0.187811502783535	0.565215133140510	0.950018135800247	1.62242849680394	0.0253732319953040	1.44341087098605
-0.255751275812665	-1.22373192870895	-0.685537272487181	-0.852877983388096	-1.07722128387098	-0.857498784821133	-1.04542049901639	0.886958237958774	2.05073582297398	0.581872092474176	1.16028970486167	0.386877907884489	0.670972710996761	0.876481371329222	-0.671775072998421	0.751662004755368	-1.25869737384344	0.731426330839907	-1.73684456898033	0.197984219466521	0.788190198931236	0.0155404728418582	-1.42052990016378	-0.0745594897980827	0.363886288867820	2.22328707751961	0.0554099940217680	-0.383580089714944	0.512856965163859	0.208286665589767	0.421430686685451	1.33616394600760	-0.551560266162667	-0.707325094797199	-0.136274963169316	1.36177169734428	-0.0881566440766308	-2.09981025848907	-1.12919646579602	1.71831706996944	1.10344077597090	0.259258345787719	-0.0364463523236577	-0.806202380324040	-0.527437259146549	0.897961372404676	0.129771364253921	0.210430421185841	-0.570839226174487	0.774931736274174	-1.36303847169257
0.954933550386266	0.504561651218827	0.932851184626709	1.75328649192446	1.31392016075363	0.943983522770428	0.787703609021357	0.377442865152282	-1.29638147098561	1.17436946856151	0.126075756295976	-0.480477121649461	-1.99579066500284	0.519850040063115	-0.272278765349936	0.819270754012625	0.465862207016898	-0.0350694860514766	0.921786354937763	0.175010875198301	-0.138492099349297	-3.31908047153569	-0.326066058307986	0.00137180258920984	-0.887836268435227	-0.918565588091413	0.949083700886625	2.37023308542033	1.05978128760697	1.58834837374215	1.20208622818171	1.43755654457924	-0.831125698772699	-1.24771449007365	0.939055727802429	-0.664401490838108	0.583717134982826	-1.59797873888390	-1.14984664966084	-0.870634414873248	0.0877699302414223	-1.78860330538152	0.726266731125764	0.915488602884352	-2.22085956674800	-0.577697504797241	-0.377365915564769	1.34050125234440	1.04307437517859	1.14020084610240	-0.567095602063758
-0.398624774424224	1.39108749689577	-1.10262924179324	-0.936909244207676	1.16361553054278	0.844726990840947	2.97916970152163	-0.0470582211025178	3.31343934379364	-0.216304758071925	0.613532750094206	-0.982117931731002	0.406405120638557	-1.07178193156480	-1.23139285553985	-2.35101977591643	-0.931493078503823	-0.952087769249156	0.366506698860359	-0.348726030612740	0.218363660527827	0.629404590013430	1.37210996188316	0.342780971192117	-0.140193595742277	1.05735570050082	-0.673938011215920	0.992537864970286	1.38620827081219	-0.446843793114466	-0.997822880599906	1.25474697047243	-0.0342568704415596	-1.16810508643226	0.0351321390776801	-0.764931663864661	-1.27714658262048	-0.993660581241114	-0.692969486220123	-0.402668433225530	0.0132555557075978	1.82440127540709	0.562975977800999	0.0945973794633089	-0.0991157577660374	0.530674887464207	-0.220350108661423	-0.462934837295891	-0.00488154494565418	-0.574127904572869	-1.18781765574405
-0.511400875147147	0.730678391390277	-0.0197489789159214	-0.638541323603025	-0.602365140708980	0.815359713873122	-1.82198209973833	-0.782821321749855	1.02840100119421	0.578083369857493	0.574647243425298	0.208867879459364	1.64518088039185	-0.0968351934511949	-0.574786470399718	0.158669621347171	-0.0419570240468850	-0.650540960698600	-1.78416982135430	-0.483827097035407	-0.185714461744908	-3.14610098321879	1.15103595824795	-0.461074393831377	0.939375967104673	0.379076219106403	-0.320345038117421	2.44217882762393	-0.262324582715062	0.244977575833331	-0.748624878537898	0.392307697469535	-0.652721495947151	-0.0110319126022246	0.684838395566659	1.41643487957432	-1.03144679497016	-1.39119199881492	1.41528532000715	-0.111416802206295	0.105963285169750	0.126516075819252	1.26199339462495	-0.836838262194152	1.98717371299754	0.960843634360942	1.12689221651226	0.494029222141627	0.592537276434158	-1.38182372101693	1.14556378850006
-0.222936106670316	-1.51863059493446	1.07888252043843	-0.886745532784644	1.27637416496343	-0.886731808565352	1.00703606112054	-0.801868189912233	0.250089222238829	-1.39479149681279	0.414054515562966	0.947016822261797	0.342365696610303	0.680884319613705	1.93004305194245	-0.0718506653014330	-1.08393459872847	-1.60558079507370	0.377427215450128	0.598048130964955	0.337605388463552	0.192872293606537	0.318381115053438	-1.32296346106910	0.708304082369035	0.00147185976881179	1.19911967098347	1.30360552796137	1.20717279631071	0.0236167899959645	-0.705196024927061	-0.331765268816256	-0.550434831714325	-0.774998266699675	0.182397363969992	0.836065215547343	0.815300272407375	1.33192487692827	-0.260599602870819	-0.210629256078084	-2.27709388041484	-0.0582857370993083	0.0322856209821589	-0.0478194788129510	-0.793040617324101	-1.24716246978917	0.228810385778045	0.162421280853437	-0.451585873859519	0.558581469427172	-0.338384692203312
-0.364768705190212	0.569828682286099	-0.492486521177494	0.584567382377217	-0.338242399345434	0.276732926982575	-0.513937086727574	-0.510501121331363	0.840514194920209	-1.00098148835334	-0.127930754241288	-1.83410703675078	0.496776417733262	0.465291868428413	-0.443100596604615	-0.499000411872331	1.62168084474424	-0.267597494923530	-0.592501562373695	-1.21394011007015	-0.553379097639165	-1.39066906595130	0.0635191896788920	0.883375842554401	-0.745962842354821	-0.649972019620134	-1.32351331460457	0.367885051039768	-0.294057988053421	-0.937170301758049	-0.218956577308151	-1.01278179123377	-2.03785817985009	-0.873498468869306	-0.0352876235835748	1.85123265691500	-0.986375825512056	0.144026687296551	0.0999953013072634	-0.0617643987736721	-0.0703438070332622	-2.36635788000659	0.864960780453284	-0.868244189578752	3.06500408593086	0.401551588156503	1.00197937120079	-0.180111916842359	-0.709176775669956	-0.868871580436620	0.748641765780476
1.74862548788680	-1.83612905181222	0.342184110717679	1.02408659358839	0.663983023093721	-1.39138197313106	-0.254532194960379	0.518332715596245	0.450864088616885	-2.88307295156228	-0.385926037008976	1.75010470278250	0.886705669069101	0.699254279735193	-2.35705604713941	-1.08814206127000	0.735059940461445	-0.432351019265600	3.64964194712787	0.360890132102931	0.282962829694270	0.881599594770654	0.945199476564740	-1.15085801982635	0.697249287529676	-1.62762031149487	0.474300608724368	-0.883645663649718	-0.648202049124972	1.88866311782417	-1.50657564124072	-0.799312490804186	-1.90127097221179	1.62463692939906	-0.510146168488658	-1.11231599950458	0.281885147199022	0.187803130972781	0.00570254521220734	-0.368428868301417	0.541498456474682	-0.274978428988437	0.958363015366441	-0.583564908006872	-1.89255573513526	1.45764286961542	-0.161380757588871	0.121330630713224	-0.0791191147864916	1.02337384160088	1.06502054133091
-0.622492071206448	0.250547065899820	-0.976095737556533	0.113860466207658	-0.383121221205438	-0.423827407780656	-0.765276270853887	0.520863795198093	0.224989587412942	0.314038976111238	-0.210695576348598	-0.239484871309327	0.0269260182045749	0.326431100358420	-0.0768663137497543	-0.0118485637794005	0.785789310207376	-0.474433574999193	-0.725910357818673	-1.05030914078345	-0.00803879591473955	0.0602772705256797	-0.653302115276187	1.06412985103318	1.12146185408473	-0.284912630267325	-0.748725397786765	-1.32415632970156	-0.0961889838149150	0.364557502951033	-0.0869916445403830	0.539406589765988	0.337660932684604	0.0398241991934760	0.410138563958727	0.887587775424044	-0.849438779198589	-0.372695755748852	-0.513376011319657	-0.0580572064347441	-1.16449853415546	0.772420800037564	-0.520249532166595	-0.592966150316070	0.138853548277949	0.0843193625498926	-0.482109319169488	-0.876342958039745	-0.837834852354866	0.981604358292268	-0.348110005657342
1.00736950180649	-0.581692912396118	-0.864508108887032	-0.247332062750622	0.976826103739837	0.807875796378427	0.171688664540703	0.0142500761981580	1.20237430663609	-0.192941866330812	-0.240941516645427	0.797408003819060	-1.45498764409324	-1.04847655545249	0.208913964421033	-0.305181017968651	-0.868559555503793	0.929268453816247	1.07727339053794	0.238446081518364	1.86397501834050	-0.739680671702148	-0.746744251829487	-1.12533053416906	0.126993412829854	-2.15563255900785	0.540701798226595	-0.133573994793927	1.35604057038511	0.933280067876692	0.772197304805228	0.947709932184518	0.258682309630568	-0.444086830669495	-0.640028149118506	-0.826887715508418	0.856244307182163	0.113379470439145	-0.796965644297105	-0.815042518552075	-0.989892817565949	1.28500164100626	0.447398813130139	-0.886330693602096	-0.892566004544863	0.157833285853633	1.46396050620053	-0.378717260536832	0.0338762995107468	-0.274266151596567	-0.135785547463239
