3 14 100 6
-2.29534680368471	-0.186075624019986	0.822755640784520	-2.22185167683787	-1.20781634473875	-5.95578430797078	1.20030528519593	0.725220250137880	-0.462106751886186	-0.942640014285781	-2.68917242236929	1.11341691197669	-0.359983717754342	-4.28081967769910	8.15453183360423
-0.955435776154895	-0.800381364861730	-1.00279848605528	-0.311411881393409	-0.184606934197463	-0.310079007651796	0.426147116937801	0.196711122312633	0.00357058449858825	-0.273119857020697	-0.277528587280214	-1.08970257028192	-0.0287897576880077	-0.364348071046965	-0.729878792825141
-0.302429613610594	-0.647636684517657	-1.58539485450436	-0.714264473134199	0.125745273711879	-0.153078249370757	-0.367281979365341	-0.323073836891352	0.489301199589173	0.132208801026465	-0.768196353832502	-1.45008311114856	-0.278069417803189	-0.236987722143703	-0.913655284909965
-0.541934718008413	-0.387476182227711	-0.567929832203310	0.261281267717508	0.0310479306659237	0.592893198399360	-0.396589730336162	-0.451376651940658	-0.531980995925969	-0.944281518417965	-0.224910742799378	-0.853240632522985	-0.135704626897479	-0.874253389957121	-0.989781557824843
0.205369347740399	-0.564266388835360	-1.41155693603619	-0.946373514092800	-0.109198431781861	-1.01059699543078	-0.274143996646828	0.0562967674301091	-0.348106527634609	-0.653467100973211	0.532869712033005	-0.00410520427600513	0.0232831360777384	-0.395382844485560	-0.434602367699707
1.38096454287222	-0.560816204495123	0.00251186526903181	0.0186274800390490	-1.68323713576189	2.41316322410064	-2.04090030408639	0.832716987238437	-0.633805622792114	-1.60657233971408	0.814874622557881	-2.53169639962085	-0.765057908902432	-0.451534534785790	-0.861650425554842
-0.146111931916936	-0.0245658453757325	-1.29148587930381	-0.0858883940953202	-0.626142892604038	0.320492298305477	-1.36190001522201	-0.124025676332571	-1.28911678365194	-0.444267929034857	-0.363911478609104	0.337779811029895	-0.388800012684724	0.184614582100306	-1.50387511058282
-1.48690234530111	-0.249491794577928	-3.17532686666095	1.29947363636673	-0.123868758276809	-1.44821830315465	0.292716469079747	-0.525385475365529	1.11862677938516	-0.524132257359165	-0.430081386993146	-0.987346625204246	-0.226936511281506	-0.494577385247444	-0.0761805651919602
-0.148132361320926	-0.398136561689788	-0.440578882878672	1.41865351080933	-0.957883666785667	-1.72360220486285	0.519364889271902	-1.93735787815503	0.805513618764957	-0.969715213796533	0.452626232334487	0.555528995907128	0.118251983815237	-0.336484950066030	-0.653963080195314
-2.50912233577229	1.22896128071383	2.71349834589853	-0.374314212920525	0.763962268576396	0.804823308489972	-0.520486928517393	-1.03974253070990	0.464743055227272	-0.285160594590124	2.83349239131615	-1.22607605963230	-1.26530820338168	1.35409496965340	-1.90732662812055
-0.919872850325959	-1.99632594350475	0.716437679032029	-0.172629018218030	0.362599098450968	-1.33652919784854	-0.158645329179422	-0.571194981249119	-0.545434489726216	-1.71919479472790	0.275718672426835	-0.837069654369435	-0.123845965103748	0.262960600849770	0.483708759666096
3.91473523400538	-1.16016169051931	-2.35146823688062	-3.15883027938829	-1.16529016421342	3.59614963538131	-0.346160691551542	4.43413445078433	-4.77629116917146	-0.104332240843932	3.49704695238948	-2.62308019603679	-1.83542280159920	0.900272922903156	-7.73937100841276
0.110548196730732	0.424086169186677	-1.40280839916376	-1.05934315747509	-1.97185719320755	-0.911047493701747	-0.503448496525066	0.297062924040362	-1.28677667059210	1.83269601488151	0.757288335461239	-1.60559631861580	0.371126765427662	-1.20569963915792	-3.84326648675488
-0.705735648371925	-0.274071580902088	-0.319145940708662	-0.980449319194563	0.0258718737532603	-0.825281068042504	-0.431898147552927	-0.888590364695541	-0.911858743639635	-1.15341810082322	-0.120047402691844	-0.536086793720312	0.181115027760233	-0.130626126650601	0.371502159328709
-0.608679675389873	-0.176253644039538	-1.18954810788392	0.583711089596364	-0.00798698116176603	0.0893747471255047	-0.802137162274399	-0.138804737645820	0.135231082009542	-0.00793197171991848	-1.00111804081638	-0.315179175895635	-0.293948609204364	-1.28799319165809	-1.17837060394279
-0.897604912242271	-1.15322056134744	0.265695698000793	0.569433378576490	1.54881465145189	0.0839185371095794	1.20148174715757	0.0487432486432547	-1.02628612322250	-1.87857013264183	0.0698099019613616	-0.515171516983658	-0.973441842446065	-0.116261256483267	-1.60501344538782
0.296361328081660	1.22067897513679	0.506627380033282	1.40569524525118	-0.605991565748227	-0.00141473738397157	-0.417955128183849	-1.36509978675757	-0.680714964891970	-1.41369947125654	0.139091517836359	1.68957968804670	1.64311575136965	-0.836876159938575	-2.60741968290211
0.106981234864928	-1.43511669761309	0.222473929311434	-0.641548828425315	0.00834119345708235	-0.814456560480149	-1.29079774109506	-1.08321878360026	-0.966810470563056	-0.926399847389668	0.799124908199877	-0.0623015915431264	0.241000152533441	0.0410251084005108	-0.562480221420505
-1.34724648330449	-0.687348714430944	0.231870914617352	0.715587441996532	-0.817288372699654	-0.984471552311235	0.00851093957215748	-0.954892742856065	-0.405228530047840	0.363149699974213	0.649853315378206	0.473865979524261	-1.42006502744910	-1.02614504976628	-0.119310532215929
0.286894434470539	-0.868314210054908	-1.17824137048195	0.205137154324261	0.196795006092454	-1.40383655440221	0.249293163174375	0.254405750045651	-0.590224319282313	0.397266536741878	-0.0358127893309090	-0.914241709877182	0.0341750096605082	-1.24679760145374	-0.506370978253037
-1.51651297218301	-0.629379334952073	-1.62501371628532	-0.319660092449979	0.0934201387931802	-0.168087514420498	-1.58825827186066	1.45014444044448	0.551819931594308	-1.31843403782627	1.17039420668206	-0.486386119494544	0.209652858479854	0.127412731181613	-2.06771235945702
-1.00590736261895	-1.30872489234991	0.0223336528536908	-0.645660769001692	-0.839943573561649	0.272637407464563	-1.62240418587085	-0.119641393206411	0.262476755945612	-0.308903304651363	0.268756206287128	-0.909922383371105	-0.327792043005783	0.453138694060771	-0.503326603330331
2.09882836239126	0.331289535809343	-1.45385427705386	1.51614199419886	0.966276921348672	-1.82192814068490	1.34066681453357	1.20954816432068	-0.307898601408287	0.961130406574675	-0.0117690151358483	-1.35211659936834	0.702614519060216	-0.759279526414985	-5.46215086455846
-0.634798102800224	-0.694774142742877	0.558925697405239	-1.61594232181365	0.875980210739225	1.72701859257239	-0.753069987820888	0.928020048078295	-1.41595526213365	-0.0272343446106657	-0.818330772738576	-0.961984588854680	-2.13219541968562	-1.24389125925663	-0.474814952962785
-1.51948692738328	0.371814838776030	1.68665161799833	0.114366761417199	0.287674315519660	1.16634051699052	-1.14650494931192	-1.75969797159969	-1.21715765006150	-1.09877268381448	-0.238033582892004	0.121279262097562	-0.251658679410409	0.253224661734803	-0.0490923447523928
-1.26095166796650	0.361417973333585	-0.0779432747172802	-0.672200786277217	-0.205157074093308	-1.59163351399559	0.348905461702943	-1.64260648850762	-1.02354026711156	-0.810421562347756	-1.51380316089452	-0.476838426693170	-0.156306318543268	-2.08986342733713	1.23881651509679
-1.06891106079644	0.740452660465850	-0.744494564305898	0.0954074666341553	-0.980889173454774	-0.815694387202156	-1.21279621378578	0.290827764786693	-0.0732394981455533	-0.171350929733735	-0.402565366615382	0.404834263012319	-0.724307361701554	0.423684831947943	-1.24771501104403
1.05896269816721	1.45662460853186	-2.49093785902824	-0.267879523904826	-1.77638608376149	2.84166128638844	-2.85558009920315	-1.42213432871138	-0.210364334605291	-1.26500960244137	-0.179687245411229	-0.204531810302497	-1.51358896653251	0.217346648898839	-1.92552683529192
-0.612263384425176	-1.14616866793738	-0.790849771373462	1.03287823711345	-2.04692069843394	-0.929727337468218	0.225387681883730	-1.15140226848241	-1.16557247379340	-0.404814811385387	0.930678577590430	-0.138306104408502	-0.712409125979389	0.613029307973082	1.43446161840754
-2.69091865161234	0.184401293219716	1.82302017037913	-5.53784452439214	-0.491864463018243	2.91432860474142	-1.21544925265153	1.03607405109861	-2.23064321768832	-1.50483196861257	-2.07692308492781	-0.312988545719990	-3.03142401371040	-3.53574449786719	5.29017043846304
-1.64765374116241	-1.15262300317121	0.161575771642756	-0.210543233557685	-1.03982637594409	-0.802155992377038	-0.472242925179516	-0.0285748898839136	-0.938394044140435	0.913328858890444	-0.526752452279135	-0.250401761496623	-1.07074530299221	0.210501383771966	0.641921966764849
0.517889592240730	-2.04412609658211	2.59340624728196	0.850741304089614	1.61316778727612	-0.725089528793212	1.96767237435388	-1.24223268630239	0.431403536419271	-2.67822750232941	-0.434397277906649	1.04376018877232	-0.840649498242460	-1.25595864083829	-2.95367766705524
-0.646193014560830	-4.02317423929430	1.63104467446029	-0.153426398339742	2.90860462146682	-1.35443307583344	1.09053965808708	-1.87983905862160	-2.06447966366193	-3.66843162739762	0.918083189236158	0.239175906090913	-3.77020824893319	-0.729151954236058	4.05973553972077
-0.128907923659132	-0.0877518390779813	-1.49430109471143	-0.207782658002398	-0.111812431038434	-1.47432916089726	0.0880181964277430	0.189403455673287	0.355826703026789	-1.05863465279809	-0.928204096539620	-1.11435148767858	-0.606926602931278	-0.0253333393502680	-1.51188179435153
-1.43065416920210	-0.594719362498030	0.127427490572361	-0.359320505269668	0.311135359482600	-0.665448938109093	-0.241866983011479	-0.173238967293207	0.327190459488308	-0.681374148037077	-0.144838110419598	0.237487370363534	-1.63397407235331	-1.00889468765649	-0.0814522289740827
-0.842170682152199	-0.808911935732097	-0.816359944276706	-1.30191537743368	0.378995653236808	0.562222363615319	-0.938551209984036	0.295401112651262	-0.965976743815944	-0.380184303398067	-0.468687607643206	-0.561132353711076	-2.08936808425102	-0.974169132770065	0.810079003607043
-0.222423541383081	0.454398135958658	-0.824077438951646	0.566620924880447	-1.73507882622268	0.562563267585895	-0.413773131688394	-0.858035573959460	-1.51114021420037	-0.229884254281747	-0.881402571380067	0.947129422632257	-0.922466618431221	-1.86752878513014	1.76488696000605
0.237915074747121	-1.10864715281811	-1.04496375772708	0.0723895066469694	-0.980726450720366	1.31886140370593	-2.21515863794992	-0.104197331510306	-1.10277022025290	-1.63192600758163	0.352133588890929	-1.69687881574828	0.156753476645377	0.292969764679562	-1.16042401998351
-1.55125431130590	-1.59804176310801	0.514643738416486	0.561347795469805	-0.310206738013099	-0.849223403261137	-0.727163210386726	-0.726755278738591	-0.846187457006423	-0.739698369968773	1.00776345842452	-0.871140771547260	0.834777931588600	-0.166513626078679	-0.611344033402357
0.166330843961002	1.22091391504416	-3.08772931112071	0.516058152727255	1.23941128971834	-0.691424262135864	-0.279406226915211	-0.701307974717236	-1.21903578456633	-0.782386738807116	0.237065843157512	-0.0977101761638248	-0.830125071269767	-1.51966751976506	0.319930041568425
-0.654559062722998	3.27196755956602	-4.81713671384939	-0.907043351626846	-1.35378524918742	-4.51866876103129	0.887433901921294	0.810092997182417	-0.687339144911695	1.17004379038077	0.215761136747583	-1.44976866588816	1.54853334184226	-2.55170219033591	-0.0627058691394765
-1.74520872872258	-0.144015554065331	-0.691668911040088	0.0208043753656193	0.804961066241005	-1.36071501107995	0.503882572533515	-0.342257428767581	1.04811716936451	0.124408170044313	0.338681065182045	-1.19164338343124	0.780341397629230	-1.46668280561866	1.02366745921167
0.146245112219975	-0.126949092840898	-0.583262295014967	-1.01232120878607	-0.596885755853478	-0.634263792510331	-0.570168426955936	1.02978797860378	-1.10115203350762	0.158984905936136	1.29877623854899	-0.430668991102144	-1.05248027719784	-0.583220979627676	-1.47368245022061
-0.620252793358429	0.633783389441931	-1.16291045669138	-1.78041799517751	1.98325032530600	-0.691545385881812	1.79640063706105	-0.106691180676513	-2.13680083892599	-3.02626626009927	-1.06006116980194	-1.17910576906010	0.0817772673372004	2.08348275561784	-2.73833670931806
-0.660631168283097	-1.81004824000175	0.254615565718981	0.329232438331166	0.185640952823642	-0.638919929937710	0.496516749411978	-0.825762663688801	0.0861775139695550	-0.759985181335559	-1.35131012542809	0.0792513383386229	0.00155681534891147	-0.753156568212931	-0.412181566186958
-0.531206652910429	-0.377166495220979	-0.300005121289547	-1.00352414918398	-0.722537868191781	-0.570636220348572	-1.01021500376320	-0.470191147718067	-0.629217181285932	0.599249389069833	-0.405495218949915	0.667027345847594	-0.614256211964546	-0.531021174151304	-1.16169008768676
-0.373813029903702	-0.377943406275587	-0.441783392317872	-1.12046833509570	-0.372876412913222	0.173762575636741	0.0988502051569116	-1.02771477536874	-0.761820833177733	-0.256841834446096	-0.208436773446749	-0.610096356016820	-0.335781246763828	-0.876784208170163	-1.14514185014794
-0.337771311849359	-0.918869855552293	-1.87287569813687	-1.23667721281026	0.267239731609311	0.571508144707993	-0.300812659488126	0.693406867649181	0.584926216279461	-0.551933071238619	0.497265000154197	-1.09418434718832	-1.70061097940800	-0.713636245063086	-0.780954632709792
-1.36960864947616	-0.765406699738478	-0.455303106031108	-0.846625911466531	0.529300829032046	-0.0594483240765675	-0.653457144278577	0.326273700120411	1.22589416820714	-1.10090896611171	1.11521252936856	-0.319438075567319	-0.344052645993152	0.262333487268453	-0.450744569144056
-1.19413209278484	0.0838964620710369	0.438388399926666	-0.367576759048731	-0.879799241393645	0.657701148855684	-0.252371477843285	0.0817476278933960	-0.982599045086714	-0.681113156720944	-0.272252259768046	1.03921237297781	-0.714033211897353	0.482097282470409	-1.44573787377305
-1.17971854541515	-0.301390936057977	-0.883698379846060	0.243144933977953	-0.620138756719259	0.667365299855425	0.533499206138942	0.268442662236720	-1.44254955677137	-1.12089130653835	-0.930873617758903	-0.788057515952134	0.350028521922246	-0.245962918342369	-1.68947355523936
-0.714628162478994	-1.09746874749225	-1.47060476427558	0.461864392176483	-0.424543649174374	-0.279261090505817	-0.659963504956543	-0.550801266320806	-1.24684227899773	0.307127242657876	0.394115650320165	-0.219313286077980	-0.999438974151419	0.248975417115313	1.29892771469778
0.471069686525540	-3.84350516222129	-0.579551919832546	-1.57750564092692	2.99351162019398	0.0828701188444391	1.11126005301222	1.26319876888100	-1.83392007894694	-0.865161896970748	-0.434870547220250	1.21638939506664	-2.69430057893622	1.46915175805181	-2.24966463117812
0.0320870559406431	-1.43138589039497	-1.08499315047360	-1.32042012226023	0.277918809755611	1.55967643238342	-0.146343990867272	1.38521429847897	0.638589310389079	-0.991701865656980	-0.756205653543510	-1.63473952192409	-1.59564987310649	-0.813942835022889	-0.746469098630481
-1.60028854085805	-1.37823418329570	0.0318751059957062	0.0834145270970241	-0.302442235230385	-0.0137080000607354	0.306398180679823	0.0892825710744339	-0.928591486471884	-0.643887455414408	-0.235721141195492	-0.158068538045352	-0.949822877127553	0.157684192263278	-0.384563121521915
-1.47473523580630	-0.0769591619396132	0.356599758346540	-1.47306363107038	-0.0777290864504058	-1.78512421510486	-1.49155425146585	-0.401454112812929	0.116639886711260	-0.225482352439288	-0.169506204931442	-0.244583404372938	-0.514701755336388	-1.61980178645819	2.07095320389872
-1.73204819697982	0.875879290933530	0.0532723674444794	0.968728901516649	-3.86855122535982	-3.60965654993673	-2.58952807579439	0.595700582304000	-0.793576440707434	2.76880689149436	1.52455236806834	-0.628538905472973	1.55532657678361	2.78031047215927	0.00285762587631976
0.228065378440432	-2.48787071258040	-2.30102192584971	1.01475484400574	1.12357097333580	-0.232688023822919	0.797204094131590	0.140621709709727	-0.429441989043889	-0.183936019802016	0.500234449048565	-0.697656313142046	-1.94070047913579	0.365131585930443	-0.266934387541753
-0.247934477284893	-2.61110322085464	-0.758015112572857	0.0996796481919523	0.358394759362034	0.154843200597907	-0.504308406608448	-0.535586355611235	0.915196855820776	-0.193863430072980	0.368207166017013	0.404374645915390	-0.557606305967207	-1.77843991118229	1.61283740877814
-0.544716690772289	-0.372131784619258	-0.0375731880013768	-1.09178402859970	0.686355865275391	0.400749537415167	-0.802949829340091	-0.786031835146766	-0.493687863381888	-0.436491384383694	-0.146472824175649	-0.914629290871280	-0.284481886603734	-0.886252353752856	-0.510216704217035
-0.182229301340057	-0.556434725468811	-1.82681622461233	-0.377521646052476	-0.471962101773761	0.169834418442142	-0.937539498375370	0.0805847956838909	0.380346010161946	0.145418081154715	0.170464720649047	-1.65451875186439	-0.954690961400767	-0.265343557909634	-1.55473132584110
1.13961338878726	-1.11746925262486	0.102157876435371	-0.574265962392105	-0.845342843839248	1.50590334798006	-1.82093914897236	-0.577945999417880	-1.47241779802353	-1.05507656122562	0.665875986196903	-1.61009564773212	-0.733388511672238	-0.528472407393704	-1.19631353213467
-1.52657483412471	-0.717951317448332	0.783980543159682	0.582262100901889	-1.54660987317828	2.64737610735910	-1.67577857313798	-3.11394846209408	0.510875859798225	-0.765091600832641	-2.45737959975155	2.88425554712923	1.52688112478973	-3.82745759420607	3.01289883587133
-0.659008199925074	-1.41718932015839	0.295415100147775	-0.781877627086611	0.318392882067415	-0.822773605102130	-0.533108996417638	-1.48926839370339	0.762692269703780	-0.158383541521739	-0.664625874138853	0.622552960489814	0.231997270178560	0.495120484374731	-0.542723053343147
0.179774934816447	-0.531364977235578	-0.680340833388786	0.0177420170361171	-0.0125314416307061	-0.963420692110412	-0.919444999486600	-1.04421440441185	0.259758071472381	-0.504145917984308	-0.113327321932914	-0.405724316852033	0.185365437516559	-0.452241747535197	-0.246383048554895
-0.530791792169501	-0.789782173337657	-1.03036533789711	-0.762354573943632	-1.35513907120434	-1.60903363541550	0.0585354970123125	-0.202949200096932	0.414834638856222	0.668315253258695	0.537854460448185	-1.72734445683034	-0.166825738330892	0.326104029035652	-1.08462054846027
-1.54009638166920	-1.20163220586215	1.15454555181131	-0.891619360248132	-0.900613839039565	-2.06548380153068	-1.10461224565997	0.126016167386460	0.907659889609786	-0.497337625309836	0.421722056427940	-1.13196016687607	0.587523520362893	0.926113782104922	0.714436301357222
-1.51477209537577	-0.287724346684921	-1.21279599799774	0.580941990763380	0.119440852034486	-2.27598754606757	-0.535637943193021	-1.36629149480505	-0.903942642030884	0.337075044250829	0.318998166254156	0.230085966082468	0.798538795905465	-0.892680479762452	-0.0727931666523859
-1.68493303537109	0.271997248628521	2.13722508351652	1.45534086173344	0.160872940726558	0.758012414306235	0.0263335037400659	-1.75216257090897	1.84936497246740	-0.480484620888212	1.18170882001802	-0.630374660661682	-1.20724317305341	2.23550139125004	-1.16524432010511
-0.495682604447022	0.386702080431572	-0.449539228287461	0.0725820505324002	-1.09742779619892	-0.575039515566490	-0.871624384939455	0.198128078828323	-0.561568328767804	-1.03207927308715	-1.08051449426851	-0.246884534773607	0.450724302529482	-0.861949493254440	-0.310896612130307
-0.180278337479311	-2.18012735400905	-0.239646247740302	1.31118423482894	-0.330427851709613	-0.837211840709082	0.664802261269014	-1.37031219601613	1.92306443573938	0.435874676007089	0.526711898612587	-0.291409981204519	-0.546467731302470	-1.16117605192660	-0.764521255343361
-0.587312851382849	-0.441437262344372	-0.348815662868126	-2.00669309216947	0.491988332323076	0.807790382032239	0.684756006314796	0.801475239008696	-1.43654791019262	-1.02570996795681	0.886177130399705	-1.51168532859596	-2.59431749091724	0.730610635379288	-0.887244679191641
-0.00626766753626226	-0.151874451538841	0.110624166561220	1.68217470409402	-0.198833624791265	-1.14130949167947	-0.0110370229207700	-0.536318824006771	1.95774739648000	0.320699108215410	-0.708036311123332	-0.735499503266901	0.0167686336665785	-0.967500861509510	-2.49820557365538
-0.147329763068566	-0.678348452564524	-1.54096186737523	-0.209037829358034	-0.584206143993219	1.03351267340825	-0.612504008593864	0.195186990228847	-0.199076868687387	-0.563336760864522	-1.09557180057981	-0.380428234946848	-0.346088021923608	-1.22136988826969	-1.25907288804605
-1.70583519619850	-2.35345600001188	3.13522932691932	-1.22081858887898	2.72170121561360	3.59932343708407	0.100145176829170	-0.643619506817257	-1.95988567423441	-4.28093337551886	1.95746655440823	-0.982231038449187	-5.03973873345810	-0.134163839299534	2.86733665149797
-4.66813735143561	0.250730864857263	1.72782240595792	-0.588446572702250	-3.24681026746378	-0.0544700170490616	-1.54795145335671	-2.55343308664353	-1.15041792681919	1.40825260586457	-1.42593685323640	1.18209825790149	-0.941694495625698	-2.07480879125027	9.05899664582708
-1.25440483177208	-0.768607193426147	0.815978468818285	-0.0817842786217528	0.0256447999867346	0.613241149561140	-1.26038667355895	-0.824022207722436	-1.17525991391069	-1.39402753617548	-1.14649854002462	0.495700687962981	-1.88664070366206	-1.23001240256071	1.86891348429478
-0.821281129927860	-0.454042684141489	-0.633972332385276	-1.05833686328521	-0.572560270466458	1.18470535832591	-0.367947437653871	-0.0119359182824696	0.440493780616605	-1.25301211245195	-1.19680739086041	0.160940824842681	-0.304912067014213	-0.945846075124805	-2.15964377527890
-0.498385681888571	-0.708261611128577	-1.31471902728148	-0.119145771503179	1.35561662731330	-0.245167563507412	0.305760035859774	-0.832261365107407	0.743973328023748	-1.00071885264760	0.795717728643624	-0.611963180678312	-1.39228861182669	1.11671935897360	-1.34079791958856
0.0180380096887346	-0.152535222565330	0.0716020226587653	-0.427507971114601	-2.01687555209856	0.364929783187627	-2.03049167700403	0.725794976063402	-1.05814341433098	-1.31070948549739	0.668662131455969	-0.511688770908686	-1.12457302540882	1.37665735030460	-1.55417558729669
0.131746710252372	-0.00483711934727497	-3.04250282376585	-0.161018417577150	1.19067927977918	-3.06501441204561	1.68873156394497	-0.0791676540167037	2.68871581214421	1.23611731995926	0.620290032659614	-1.83618005417988	-0.148858327137273	-1.12724148302533	-4.94967515660679
0.539827931047688	-2.27900189891027	-0.756770679280994	2.05693608508787	1.97931238177284	-0.588843266502945	1.54699634273159	-2.24990093060685	0.707509419765274	-2.42631146734470	0.0830193822041661	-0.465443691027190	-1.22385722783144	-0.796401317966167	-2.51650286051571
-0.786334940868901	1.36438725710061	1.67543757474471	-0.145504767733707	0.0429519762973463	0.794832133238507	0.0563592933621032	-1.69553503608308	-1.59712163088502	-1.94230434120769	-0.259910686118730	-0.399515501244295	0.443014646174872	-0.897447936952100	-0.638229797791407
0.331886457279338	-0.486605886527955	0.879122181850293	0.759121030302457	1.66078407784973	0.992061624776350	0.598969165928685	-2.16291622388027	-1.18746337113165	-2.86912599812037	-0.955226284866116	0.342715631674820	-3.79673645237683	-0.733967458833121	0.305309378370123
-0.824429357612144	-0.933231586328946	-0.312437959840119	0.00688160883114834	-0.738131770137840	0.315637569896075	-0.822955417884393	-0.413245925874820	-0.252543224517503	-0.417674831391403	-0.183006210968674	0.685793499167278	-1.19430203896227	0.695376336176166	-0.685912122176692
-1.18090269508166	-1.72727736533896	1.01544006346298	-1.07762318981933	-2.70441829028102	-2.09173147286988	0.280763900295850	-0.531292419950834	-0.665341722101896	1.35702093347154	-0.178168519253288	-1.57296034970075	0.654133183036752	-0.116002410839389	2.36194594201484
-2.10090278974291	0.733654423165654	2.08170031321975	-1.43907018988929	-1.99853177652559	-5.21230347792580	-0.161832025107177	0.625910568858349	-0.784135221664321	1.62697460404886	1.77244269459732	-2.45968934675562	1.08357898215254	-0.173421328394115	-0.525962437125609
-0.675254068943495	-5.24799550036762	3.17092477187696	-2.16458512668834	1.31756757886161	2.14271504736105	-0.876834821090917	2.77935652268364	-1.55810852095267	-2.37874431402158	-1.50910678781809	0.816210208020142	-2.43839301304060	-0.604057921216352	1.88811440735587
-0.506051802973223	0.791317226739537	-1.92831779012822	-0.461302751039223	-2.91930362988215	-0.289845251184628	-2.35369573864241	-1.12599139615336	-0.806701411478692	1.46307309437271	0.404625249170519	-1.17156274850888	0.0621234712738770	1.04931648446125	-0.482037331711122
0.726380479350715	-0.00976905443719024	-1.77162645569693	-1.41670155768196	-1.28483735148785	-0.270061765616590	-0.650352484804580	1.88707935072304	-0.592959895587014	1.39345482549637	1.22475644946516	-1.01804642921088	0.183233528676174	-1.48010332953906	-2.51270803763728
-1.33702132150252	-0.877760428250965	-0.853189945206724	-0.373461223038692	1.00242412559363	-0.996475026091298	0.519333680131647	-0.806525337606118	-1.42838553113201	-0.462901444794912	0.376715302773091	0.780664378538398	-0.465315431711858	-0.592809947143317	-0.887169269559856
-2.40401150789724	-1.92019427610053	0.0641060457730559	0.0953615456945972	-0.230036462024101	0.252882005866672	-0.133239577539089	-0.0410780827428443	2.09097059268390	0.990687075738171	0.889772425127106	-1.41973078822953	-0.300513081024089	0.838763093002159	-0.396555924375506
1.20680626057754	0.255567087922025	-2.02133721383422	-1.39111813270401	-2.12271168904059	-0.0904331564412795	-2.40141601587045	0.491086445932404	-2.00961247139075	0.416537722162416	1.12339551148970	-1.70447293900010	0.354097517054142	0.345168050984306	-2.55945860598624
-1.34859230285144	-1.71972755259637	-1.36209257361428	0.380380482266022	-0.289726701255038	-0.673592594618644	0.681786489987910	-0.309209785936983	0.455752961612297	-0.241916492903509	-0.727943362860607	-1.61992603289139	0.612280671176243	0.120133543320868	-0.679031711820877
-2.84382526286517	1.47650394081873	-3.43207362807568	-0.155827096873978	0.628052352059726	-1.99132555520029	-0.693400945421627	1.16889721754405	3.94960030833167	1.93898455227218	1.70603402568315	-2.18012483526060	-1.63120990150742	0.446118663719699	-4.08827889257489
-0.873761800960437	-1.64231288831931	0.821821114876825	1.43500083856543	0.373338819748170	0.0598322187522428	-0.466005956459196	-1.95065578610271	-1.42327310520922	-0.232894083943263	0.701641815302785	0.165476606528529	1.30877818609232	0.773861437956333	-3.09087311662685
-1.30534452348528	-0.446620773514555	0.900829651012353	-0.900133975512812	1.99224890493711	0.431465047495224	0.448183999577631	-0.248697009805294	-1.63679443403855	-2.15208767197313	0.257350508473853	-0.954400018716083	-2.95389239183293	0.665350529560244	-0.893375373087457
0.178933489562984	-2.35539430034171	-0.893975399166417	-4.52538039591928	2.84350634054416	6.80453108597311	-0.345167430374571	2.59733941917233	-3.19594774113772	-3.10889299537389	-0.0749480840109284	-1.87457382901763	-2.60338543061570	-1.78538713054385	-3.05558915268616
-1.51313025920655	-1.21853209267027	0.348258213475528	-0.919969822952075	-0.667144054741176	-0.443125095353975	-0.148257218292978	0.266059067876621	-1.27937931050771	-0.308669010941964	-1.43251493498501	0.445792999809853	0.126180780782921	-1.18552566538785	1.09032958209657
-0.0738878956600986	-0.482463299534083	-1.19469811290744	-0.505638393045764	-0.888888199486165	-0.140420869029646	-0.289616170275440	-0.0493082885858457	-0.902804506402484	-0.597593964814773	-0.0485580349035098	-1.48978164456653	-0.547286443970044	-0.00438575059930452	0.695328790406498

0.951106766826666	0.808580437914855	-0.709678593428424	-0.360140795681737	0.0296002505758080	-0.412388430445108	0.596004570093666	0.460159944059124	-0.224630333222641	0.159526017060779	-0.879007566433133	-0.673782780838507	0.578538359394827	1.34967894182658	0.447437307325766	0.138686740460712	-1.50520229359626	0.130313987542875	-0.0462480393992200	-0.511031061596271	-0.670503573279813	-0.116551287363241	0.432565339226919	-0.770683575902607	-0.754383382832944	-0.362949777970076	1.09564744860307	0.535228379751048	2.39979825079691	-1.54743590702893	0.00675583807173539	-1.04108881054358	0.504738418827610	1.04312081544935	-1.29690224283359	-0.00128559534414359	-0.0278043637951734	0.203394194978601	0.800860101526368	-0.192003553706884	1.56210976850419	1.23159122908776	0.557521822743422	-0.564605624433672	-2.30600685782832	-0.748205843445325	0.648304782435279	0.196413988179776	-0.337720907307434	-0.463767462029295	-0.453359857812559	-0.595048373454608	-0.636927874528460	-1.97342152432902	-1.38258831818053	-0.142308591995878	0.0483258437778152	0.448046661556609	-2.73189734738116	-1.94894070928470	-0.342484376918148	-0.0138474622356209	0.193614148647105	-0.803962049929243	-0.623163007113247	-0.732742092482787	-0.0418923424314004	-0.266545740106129	0.311886997687640	-0.613440846264577	0.368730045884114	-1.36888901928032	-0.863733703818376	0.774527456421193	0.429628078500911	0.364847024823033	-0.930601907122095	-0.207449675830956	-0.803736692098767	-2.00316610553642	0.232293156305272	-0.122686701472633	-0.973851234407226	0.116114845099807	0.655389896496371	-0.887264943086990	-0.320147103968997	-0.174786215871810	-1.19486251609571	1.11056493982437	0.992878099266374	0.322183403820258	-0.350529131129294	1.14848663145978	-1.15811332072574	0.849851032684106	-0.118590544655847	-0.478652624920552	-3.27090419261517	-0.862406837029015	-0.507751355845467
0.764540192883667	1.38763711882845	-0.759119707412208	-1.58608856513273	-0.403676296585516	-1.64624459794713	-0.986899020604605	-0.146036498170961	-0.517384341467454	-0.698006971438845	2.61596640753014	0.207529515079493	-0.813001060301668	0.568715431434848	-0.943212069191559	-0.815764544517515	0.361269374295240	1.35266566254908	0.0369674389380509	-0.160420024031903	-0.761787793023797	0.101390869631022	-0.543163346608344	-1.42585892516809	-0.523974104958095	0.285054885693588	-1.17512521169799	0.640350855472684	0.517932740706326	-1.25297956829954	0.691269649370073	0.715466813724026	1.12186837579395	0.912847723954520	-0.865418120572799	0.353873468782136	-1.34811053779496	-1.90545755732991	-0.647652934124847	-0.0671018810945054	-1.78664834118270	-0.284758139576068	-0.275389686709796	-0.851850563718152	0.346093430721758	-0.416579036872913	-0.276155917825351	-0.348330772834614	-1.44461952830846	-0.108079084557929	0.863469963576019	-0.264036254990258	-1.23060369524128	0.910242779351135	-1.16957905331916	-0.107857356415407	-0.287347460321708	3.11359402541207	-0.193689008680613	-0.362916449199028	-0.669547653007499	-1.02507472983703	-0.885531042158159	-1.29646816101300	0.684041178848109	-0.768136927496257	-0.406216245195862	0.884440612219752	-0.563376104584785	1.83963563701217	-0.289447756905316	-0.187873457549696	0.0997226413706620	-0.649281075694388	-1.47696835578068	1.62595962295568	0.889557976296146	-0.329567507985169	0.153285399229638	-0.169567009450038	0.458824832799287	-1.09818693387933	-0.0483672352567666	0.570590553013173	-0.436651161513797	0.781945976555863	1.22465797148079	0.974642844210025	1.65651208337021	0.900165877557768	-0.710524158277408	-0.0974067515834639	1.22030743693008	-0.560872981709143	-0.190545522574385	-0.360158356625798	2.14086074862229	0.576175181328657	0.400795190388997	-0.329804846294164	-1.38108213733162
-1.16532648876124	-2.47838031772287	0.00789005897141797	-0.236199234594291	-0.122299639499279	0.303629609630398	-0.666086427949034	-0.371162011080963	0.517747796584087	0.155237608991508	0.644715007334819	-0.679350291988261	-0.459050837297313	-0.546111086142965	0.224609079461401	-0.423350370534858	-0.0147087381950207	0.778502943658817	-0.173870021629346	-0.417491313025737	-0.305748441150062	-0.644941890022122	-0.191983859444429	1.17017805802572	1.30152237937625	0.482992875522716	-0.850496113845014	-0.705420593590545	-2.25818326300600	-0.103821152385585	2.07109375073024	-0.505274726081256	-2.19641313135382	-1.29483771735839	-0.333917094713300	0.138173936684081	0.902412738342142	-0.442819667886797	-1.43250210996174	-0.945393264640583	1.21161639751570	-1.51782658036833	0.703986623342722	-0.0548909131156132	1.26418530516367	-1.32600792734774	0.616082972242289	0.701538646647051	0.957026987621823	-0.129358091233958	-0.263721405736327	0.415047588060341	0.357304848829921	1.48385975906530	1.11638163291341	0.621575750907970	-0.825535425596021	-1.71030647901986	0.890411305189844	0.982098254617851	0.396689231247428	-0.575595156282311	-0.222728349596804	1.48121834981071	0.0442477109991320	-0.316449765845229	-0.681992093647520	-0.251491707756005	-0.385589433255887	0.279751042749213	-0.819163603102396	-0.396536215947238	1.66839979462353	0.177970678337013	0.277459361334389	0.650204976899112	1.22343801195369	0.794457376248305	0.404273900034090	0.404212462717092	-0.857440071449347	1.21714999503676	-1.82430245158196	1.46737997763347	0.0236024111181611	-0.116643745839635	-0.918396358230437	-0.276919687031951	-0.0696311717253441	-1.78984724010455	-0.608417137052124	0.640164597550396	0.193067568990380	-2.02635720672996	-0.0531400418498244	-0.00558115087726888	0.283730070294142	1.02392672939534	1.65128925762561	0.266686231634972	0.373606140557273
-1.66169673163830	-2.07648528773421	0.684495002488537	0.500815079974002	1.10873508452504	0.378957539180293	1.97379615809984	1.34440533648579	2.06079685095395	0.0885090480623987	-0.742479678240878	-0.551123451921544	1.77999152361695	2.58334876068572	-0.440874117600750	1.24065386952312	-1.28039020067805	-0.0604180190616779	-0.0225773122628758	-0.383467815381423	1.16981581461245	1.16902921606870	-0.132331597051657	3.41459081900510	1.06671117074695	0.916371926129800	0.0413385821460888	0.858036649205431	1.86007133339874	-0.930692949727892	-1.84512690355764	-0.429416888195488	-1.06279899050432	-2.78606885635691	1.14291000771009	-0.364348588157111	-0.185964155285229	0.506749324158716	1.23267023785432	-0.619984898323710	0.609437521288782	1.69160257839343	0.515207031397456	1.12200301836609	-0.0694121248584438	0.0661256242592135	0.875274047607043	0.203592771336120	0.0771523481242855	-0.520122125042351	0.918840069596987	1.53056082706374	-0.883996447357282	-1.83070787590773	0.345919115347568	-0.459696916445253	-1.44254010454783	-1.27328307091173	-0.0240115411876333	-0.744053838133141	0.524583304431408	1.08259058251268	1.57283996357098	1.22196548117944	0.127856004016878	0.629621013148220	0.784569307989245	-0.533812510577851	0.912458070935323	-0.350507476473835	0.580965484267005	0.974370363277975	0.164325114103058	0.159712205870587	1.30874462548672	-0.622449426677166	-2.24131699471923	-0.425976458911888	1.16118194116767	-0.801419547015559	1.01101413675098	1.64472259437192	-1.01711724134879	0.765433667248948	-0.973448459397288	0.592965930574829	-1.29797707045454	1.48154665649708	-2.41413200486919	-0.694852555684790	2.34045329246292	0.149184681263428	-1.21420949450223	1.42358541280990	1.20377060396811	-1.73544105886160	-0.368719745382888	-1.62816119654484	1.79928613340865	-0.446784751671927	-0.436183658579469
0.987694863694049	2.49562873569957	-0.337165885876008	-0.329903028210746	-0.274649370665331	-0.0296260829921013	-0.0184542962366611	0.430692942273403	0.153913535119883	0.972733952822246	-0.824953323970553	0.405939436910942	0.488546329831818	0.102274282810479	0.184400732684586	-0.195922054749563	-0.0762716010987412	-0.302255861372907	0.284081406295903	0.340003637414653	-0.762798182260605	-0.568474524925329	-0.180447517505034	-0.617557684023795	-0.841946293865722	-1.27723619600782	0.823566136363219	-0.330780362572481	0.240446793335485	-0.737025187505730	-1.95457210440328	0.166245523426210	0.994405511940152	2.09986194337119	-0.298700937239193	-0.303766120616243	-0.804859207265200	-0.989397708671484	-0.406457833421634	0.595674635215376	0.906463461385167	-1.73004112966469	1.58834127029987	-0.823909365823053	-1.41625549982496	0.160531192305906	0.748706819444255	-0.304322162074669	-0.933933116896062	-0.727845153828882	-0.397238387905200	0.680903225531292	-0.359535134529150	-1.50581859559348	-1.10227063521365	0.303833696932500	0.297415249134584	0.760571030529925	-0.352194952907423	0.670829284013010	-0.477277853566279	-0.438335438132693	0.117711085822832	-2.71069809831967	0.818000547961915	0.601577138620414	-0.222133543712362	0.950163238257616	1.07886406784364	-0.657989876935138	-0.485690849863326	1.42659414314182	-1.01511860646007	2.51905375915623	-0.321552873455187	-1.28476228872541	-0.785498546896139	-0.885442429188353	-0.473870587740429	0.0744402301144092	0.401637135461248	-1.02873948346743	1.87614210991583	-0.565607293758686	0.0639135054615836	-0.442540656581718	1.24825578838075	0.408276658054492	-0.568257112455967	0.340015978371453	-0.621773829816756	0.0434870712210084	0.853350778682417	0.647037710121324	0.905453755423285	0.720030039031123	-0.0889792278152811	-0.687787610383902	-0.903226833643264	0.449712603523621	0.461964495533543
-0.577881693884282	1.10053865942325	-0.355502371020522	-0.407280219176900	0.598763877231134	-0.0253111719300649	-1.99843569745560	0.175729244069500	-0.342964800344495	1.46025512207725	-1.17938332209756	-0.00554276818467753	-1.30511696902655	0.488137971984026	-0.173523233478104	0.671131387332529	0.630160166204291	2.43907579575961	-0.943086443625888	-0.00335723644824260	0.0596502133636682	-1.23280565523700	-1.29612041599084	0.626336565073224	0.869813299279817	0.392219328631281	0.245313653786531	-0.0642640025678465	0.162525307178380	1.01010387816458	0.674722267913230	0.116399018348304	0.523659311111188	1.35757077341250	0.758003351070294	-0.257349493086771	0.545550268410136	1.13797407592165	-1.52939435506045	-0.771355479362821	-0.174925055588502	-0.377263637917077	-1.10223170968663	-1.00207327395380	0.614654272568066	0.601830302049291	0.559191159947495	-0.692680557147772	-1.20956733358715	-1.23689313409366	0.244371208134008	0.740249813049948	0.419904512051168	0.446634406409862	-0.348950233696541	0.178279058146484	-0.152185468707375	0.644959222702622	0.716998575746771	-0.582419531933358	0.131778260929223	-0.681747701077271	-1.65433468765354	0.00312631099916655	-0.175469403744864	0.128412999414639	-0.961852334180615	-1.31504356500942	0.913620923913645	-1.43664090486723	0.663879933102464	-0.396703525427428	-0.680411015789679	0.740931403649290	0.404438726433823	0.460896048312815	1.17428376361933	0.174263298316184	0.328474339651217	0.790649783700182	-1.45689823059836	-0.587395223260344	2.05376445363767	1.02057671313348	2.63343653964856	-0.712561180418044	0.588586029339489	-1.32220505900093	0.924429886762059	0.847121456301454	0.237069524444322	1.05055622659869	-1.67582357995620	-0.100435841732893	-0.117551209626870	-2.59026760826270	0.996613804636709	0.370759410939474	1.30339643551976	1.11626792759090	-0.449178386118003
