Forward model:
N(-0.669838000000000)->SN(0.343793401614156	0.00545438610003721	0.149865867408393	0.112589012974905	0.382637196198987	0.133392701994896	0.0161343745854343	0.0378290029822382	0.147069325097582	0.0680544772952798)

H(0.720971000000000)->SH(0.118966018161611	0.104002652898661	0.165050840309211	0.0857965989912900	0.0396679191455977	0.0256073394200649	0.155975096704539	0.0928017866075193	0.0250616031634948	0.0882073230488088)

Q1-Q6(-1.94815600000000	-0.879482000000000	0.572686000000000	1.22207100000000	0.588026000000000	0.547120000000000)
-> SQ1-SQ6(0.252068356507001	0.00908778725891929	0.129068272407894	0.107606136675591	0.139648489639645	0.321495651816285	0.203578158795038	0.0256142172291358	0.309073765586743	0.0544262360673918

0.145803958585966	0.00126220705298229	0.134113861749776	0.0894015437816705	0.360264208341619	0.0760976387944126	0.0134769597121786	0.0548383142051928	0.0808917694410207	0.0759515212038641

0.320342689143798	0.0377848279279435	0.264145613324009	0.0964247319543408	0.000144585160189904	0.169024974626162	0.0473314756788072	0.0812937979937433	0.137647931455226	0.0755022081751330

0.328239359793292	0.144437555340413	0.312057934668214	0.101200737557844	0.00109352378395945	0.0569203940352200	0.156611480755968	0.0871785045314914	0.0615176799733897	0.0808593471038464

0.171628933908934	0.0188131582791238	0.210977964413579	0.0848257341068864	0.000116454881129732	0.252279154166291	0.0257101932799769	0.0784708338637797	0.161281975550476	0.0847430606820717

0.376966601162093	0.0167064913761949	0.229080595420992	0.107914860231374	0.00131034988434923	0.210996367462117	0.0380838508951318	0.0553689639162831	0.183729325934264	0.0691051281841588)

[SH,SN,SQ1,...SQ6]->TP(-0.0502681663927778	0.699458027800199	-0.678742246371341	0.922702168066236	-0.182512550630141	-0.269426459941489	-0.243297321107013	-0.644752711757696	-0.690719371419904	-5.66122665790969	-2.03632592381889	17.4029430179573)