Inverse model:
N(-0.669838000000000)->SN(0.343793401614156	0.00545438610003721	0.149865867408393	0.112589012974905	0.382637196198987	0.133392701994896	0.0161343745854343	0.0378290029822382	0.147069325097582	0.0680544772952798)

H(0.720971000000000)->SH(0.118966018161611	0.104002652898661	0.165050840309211	0.0857965989912900	0.0396679191455977	0.0256073394200649	0.155975096704539	0.0928017866075193	0.0250616031634948	0.0882073230488088)

TP=-0.0767480000000000	0.620431000000000	-0.780497000000000	0.783326000000000	-0.446764000000000	-0.432166000000000	-0.616373000000000	-0.648220000000000	-0.447096000000000	-4.22687900000000	-1.02900100000000	17.8470400000000

[SH,SN]->nnhPIM1->[SQ1,SQ2]=0.245982492321116	0.0159696300954520	0.148694706403642	0.105526343007629	0.0456725011742149	0.250522272638138	0.263045797329713	0.0314465093309491	0.242689135786310	0.0553160810890850	0.140457351747294	0.00303461179081916	0.141607536395428	0.0874372946205488	0.271871431761095	0.0589047932238121	0.0202093100990181	0.0623794255545732	0.0655455935303999	0.0797384131009550

[SH,SN,SQ1,SQ2]->nnhPIM2->[SQ5,SQ6]=0.169117242361529	0.0913466367521804	0.262766866313656	0.0818032901139152	0.000159158003617659	0.147073786224494	0.0516732139986968	0.104717707709259	0.103596874358781	0.0921417307691934	0.399180724291272	0.146130972883841	0.319690111893885	0.101707707117166	6.97159429627974e-05	0.0906257282033600	0.138832730733629	0.0956311371056711	0.0820267746085449	0.0745417567735165

[SH,SN,SQ1,SQ2,SQ5,SQ6]->nnhPIM3->[SQ3,SQ4]=0.314843365813579	0.0105625497021879	0.230058362054686	0.0996726193869171	0.00154981443490445	0.230635686310498	0.0211957309580016	0.0632270784344326	0.184245522843221	0.0715070303942452	0.326063696354210	0.0534504614233267	0.238712694471734	0.107544383060553	0.0101729369260990	0.115636646927202	0.0648070014987637	0.0604666970786699	0.121673862435142	0.0751195094292200

[SH,SN,SQ1,SQ2,SQ3,SQ4,SQ5,SQ6]->nnhPIM4->[SQ3,SQ5]=0.312634852291772	0.0167211645374004	0.215310001822978	0.0977239030662634	0.00360519240378710	0.268728390016354	0.0205851141202887	0.0567872477077413	0.216989013699897	0.0725615475667975	0.173656417163615	0.0614347455184133	0.239971412344281	0.0768770312668412	0.000343158161649581	0.196349190006464	0.0443597192465334	0.0898166088087398	0.126264029126619	0.0910534007779337

Q1-Q6(-1.71152275016324	-0.743625083168734	0.0186257270453929	0.839749521767051	0.956514200144764	1.24870084972796)